# Bundle file v0.3
70 1657
-3.6349013462e+03 -1.7641594866e-03 -4.8328508284e-07
9.9930701978e-01 2.8358373400e-02 2.4109808589e-02
-3.0440158137e-02 9.9539592862e-01 9.0886423953e-02
-2.1421414162e-02 -9.1557347845e-02 9.9556937230e-01
-1.1180943281e+00 -2.4706446775e+00 1.9116662820e+01
-4.6118409272e+03 6.2171611520e-04 8.7454683681e-07
9.9964197700e-01 1.6533711593e-02 2.1036972261e-02
-1.8248179407e-02 9.9628995063e-01 8.4103140435e-02
-1.9568386988e-02 -8.4456916021e-02 9.9623496604e-01
-1.0781319058e+00 -2.5446331993e+00 2.4996470852e+01
5.7878584924e+05 4.3545436387e-07 0.0000000000e+00
9.9961811578e-01 6.7616886521e-03 2.6793696432e-02
-8.9744368189e-03 9.9648034385e-01 8.3344968684e-02
-2.6135839105e-02 -8.3553598891e-02 9.9616048608e-01
-1.1019585237e+00 -2.6174402438e+00 -3.4453559847e+03
1.0266125836e+06 2.4599947781e-08 0.0000000000e+00
9.9901761384e-01 2.0479747438e-03 4.4267516815e-02
-7.0554185289e-03 9.9354032553e-01 1.1326006631e-01
-4.3749609312e-02 -1.1346112704e-01 9.9257873458e-01
-1.2133332721e+00 -2.7413273892e+00 -5.8737959065e+03
1.7277209018e+05 -2.4479323092e-06 -1.0940788159e-22
9.9578483170e-01 7.8447201544e-04 9.1716702743e-02
-1.5782468894e-02 9.8651382714e-01 1.6291526182e-01
-9.0351992972e-02 -1.6367606259e-01 9.8236788623e-01
-1.1790327533e+00 -2.9364494460e+00 -9.6115428031e+02
9.8656192428e+05 -8.1828616960e-08 0.0000000000e+00
-9.9563740527e-01 6.6766707458e-03 -9.3067606031e-02
1.5142109739e-02 -9.7265312345e-01 -2.3176845764e-01
-9.2069939379e-02 -2.3216658569e-01 9.6830873318e-01
1.1895655202e+00 3.1540401141e+00 5.3313486379e+03
3.3450996068e+03 2.3446592392e-03 3.4494187061e-06
9.9727449030e-01 -5.2092246892e-03 7.3596569029e-02
-1.8668579826e-02 9.4722844431e-01 3.2001524717e-01
-7.1379794914e-02 -3.2051698594e-01 9.4454951517e-01
-1.1342665747e+00 -3.2781660836e+00 -1.9971325323e+01
2.4000981570e+03 2.2928848737e-02 1.1840550002e-04
9.9723973982e-01 2.3157184785e-03 7.4212793859e-02
-3.0443179538e-02 9.2438749789e-01 3.8023803935e-01
-6.7720854573e-02 -3.8144775684e-01 9.2190644572e-01
-1.2699432246e+00 -3.4501723709e+00 -1.4569352069e+01
1.9005691511e+03 1.2152894170e-02 6.5890564026e-05
9.9819853709e-01 -3.1248497047e-02 5.1217301617e-02
6.4687550114e-03 9.0473685546e-01 4.2592179749e-01
-5.9647596441e-02 -4.2482320299e-01 9.0330914445e-01
-1.0886383209e+00 -3.4938310358e+00 -1.1533455905e+01
1.3724500033e+03 1.6330501061e-02 3.1044706130e-04
9.9243861985e-01 -4.7715023574e-02 1.1308785238e-01
-1.9366488508e-02 8.4893271446e-01 5.2814598875e-01
-1.2120447580e-01 -5.2634259075e-01 8.4158953903e-01
-1.3280012077e+00 -3.6073863907e+00 -7.9604531076e+00
1.0744621238e+03 -1.1344606661e-03 3.1241151662e-04
9.6700930482e-01 -1.4694269323e-01 2.0808856117e-01
4.2980828029e-03 8.2615822747e-01 5.6342178665e-01
-2.5470479161e-01 -5.4393972837e-01 7.9953426508e-01
-1.2824339347e+00 -3.7036126623e+00 -5.7264767113e+00
7.0959799678e+02 -2.0918251312e-01 -8.7464625585e-03
9.1957421819e-01 -1.9174261498e-01 3.4295484666e-01
-5.2364885073e-03 8.6678630279e-01 4.9865226811e-01
-3.9288145341e-01 -4.6034364870e-01 7.9607027872e-01
-1.6144392259e+00 -3.6292236443e+00 -4.1696657544e+00
7.2918655289e+02 -2.1505613992e-01 -9.6869880843e-03
8.5304776128e-01 -2.6551958902e-01 4.4923141566e-01
2.3654609535e-02 8.7966270767e-01 4.7500945274e-01
-5.2129643814e-01 -3.9457935652e-01 7.5667506566e-01
-1.6913377098e+00 -3.5642487066e+00 -4.1206597773e+00
6.5095373960e+02 -2.3331845901e-02 2.5037205239e-03
7.9251190136e-01 -2.9464683709e-01 5.3395517377e-01
4.1191527852e-02 8.9940486321e-01 4.3517140308e-01
-6.0846375754e-01 -3.2288408666e-01 7.2492601163e-01
-1.8318456372e+00 -3.4103668342e+00 -3.7771545764e+00
5.1343373110e+02 3.1534413487e-01 3.0252125879e-02
6.8168297431e-01 -3.4978873227e-01 6.4261665503e-01
7.7611288085e-02 9.0792957135e-01 4.1187423011e-01
-7.2751962895e-01 -2.3089334388e-01 6.4606768473e-01
-2.0700793482e+00 -3.4058407080e+00 -3.2180755091e+00
5.5220107767e+02 3.9068031617e-02 -8.6297072078e-05
5.5143101666e-01 -4.1246191923e-01 7.2511998942e-01
1.0749234101e-01 8.9710351670e-01 4.2854483657e-01
-8.2726611830e-01 -1.5836806974e-01 5.3902720153e-01
-2.1298599265e+00 -3.4960614533e+00 -3.1520394703e+00
6.0189275343e+02 -9.1366495354e-03 -3.6766244820e-04
4.3345396991e-01 -4.2878107507e-01 7.9263134282e-01
1.4796348356e-01 9.0147806724e-01 4.0674820444e-01
-8.8894570335e-01 -5.9026129308e-02 4.5419318859e-01
-2.0986173933e+00 -3.4413783663e+00 -3.3032155418e+00
6.6808086770e+02 4.8867419174e-02 3.4488362373e-03
3.3740453708e-01 -4.1886644503e-01 8.4303563364e-01
1.5735023430e-01 9.0804630843e-01 3.8819171232e-01
-9.2811587753e-01 1.6742094796e-03 3.7228767761e-01
-2.1827897655e+00 -3.4602951239e+00 -3.6573947900e+00
7.9192190390e+02 8.1102995115e-02 3.0485722567e-03
1.6598117669e-01 -4.6107194954e-01 8.7170115655e-01
1.8374206613e-01 8.8294260798e-01 4.3203148513e-01
-9.6885969166e-01 8.8459077282e-02 2.3127016566e-01
-2.1190560116e+00 -3.5958545963e+00 -4.2671177477e+00
0 0 0
0 0 0
0 0 0
0 0 0
0 0 0
0 0 0
0 0 0
0 0 0
0 0 0
0 0 0
0 0 0
0 0 0
0 0 0
0 0 0
0 0 0
0 0 0
0 0 0
0 0 0
0 0 0
0 0 0
0 0 0
0 0 0
0 0 0
0 0 0
0 0 0
0 0 0
0 0 0
0 0 0
0 0 0
0 0 0
0 0 0
0 0 0
0 0 0
0 0 0
0 0 0
0 0 0
0 0 0
0 0 0
0 0 0
0 0 0
0 0 0
0 0 0
0 0 0
0 0 0
0 0 0
0 0 0
0 0 0
0 0 0
0 0 0
0 0 0
0 0 0
0 0 0
0 0 0
0 0 0
0 0 0
0 0 0
0 0 0
0 0 0
0 0 0
0 0 0
0 0 0
0 0 0
0 0 0
0 0 0
0 0 0
0 0 0
0 0 0
0 0 0
0 0 0
0 0 0
0 0 0
0 0 0
0 0 0
0 0 0
0 0 0
0 0 0
0 0 0
0 0 0
0 0 0
0 0 0
0 0 0
0 0 0
0 0 0
0 0 0
0 0 0
0 0 0
0 0 0
0 0 0
0 0 0
0 0 0
0 0 0
0 0 0
0 0 0
0 0 0
0 0 0
0 0 0
0 0 0
0 0 0
0 0 0
0 0 0
0 0 0
0 0 0
0 0 0
0 0 0
0 0 0
0 0 0
0 0 0
0 0 0
0 0 0
0 0 0
0 0 0
0 0 0
0 0 0
0 0 0
0 0 0
0 0 0
0 0 0
0 0 0
0 0 0
0 0 0
0 0 0
0 0 0
0 0 0
0 0 0
0 0 0
0 0 0
0 0 0
0 0 0
0 0 0
0 0 0
0 0 0
0 0 0
0 0 0
0 0 0
0 0 0
0 0 0
0 0 0
0 0 0
0 0 0
0 0 0
0 0 0
0 0 0
0 0 0
0 0 0
0 0 0
0 0 0
0 0 0
0 0 0
0 0 0
0 0 0
0 0 0
0 0 0
0 0 0
0 0 0
0 0 0
0 0 0
0 0 0
0 0 0
0 0 0
0 0 0
0 0 0
0 0 0
0 0 0
0 0 0
0 0 0
0 0 0
0 0 0
0 0 0
0 0 0
0 0 0
0 0 0
0 0 0
0 0 0
0 0 0
0 0 0
0 0 0
0 0 0
0 0 0
0 0 0
0 0 0
0 0 0
0 0 0
0 0 0
0 0 0
0 0 0
0 0 0
0 0 0
0 0 0
0 0 0
0 0 0
0 0 0
0 0 0
0 0 0
0 0 0
0 0 0
2.0793270539e+03 7.6959843380e-03 2.1746526133e-04
3.9603237966e-01 4.9042314553e-01 -7.7630116101e-01
-2.7075779684e-01 8.7020667692e-01 4.1161942969e-01
8.7741014908e-01 4.7174969790e-02 4.7741591146e-01
6.9887034409e-01 -3.1223996435e+00 -1.5321028245e+01
1.4248139263e+03 -2.2029736296e-03 -6.0358863241e-05
4.6694839566e-01 5.0334813811e-01 -7.2704872440e-01
-3.0401323205e-01 8.6345055711e-01 4.0252837187e-01
8.3038253265e-01 3.3072455112e-02 5.5621134669e-01
6.8505119860e-01 -2.9704323209e+00 -1.1047772868e+01
1.2915250401e+03 -9.7140050692e-03 -2.9335792811e-04
5.0353075873e-01 4.9782969445e-01 -7.0613197799e-01
-3.4010084697e-01 8.6552811695e-01 3.6768531743e-01
7.9422175046e-01 5.5015216924e-02 6.0513233016e-01
6.7613518924e-01 -2.7083536489e+00 -1.0103204958e+01
1.0113793287e+03 1.3491608927e-01 3.3409688282e-03
5.8441462660e-01 4.9618155536e-01 -6.4207741616e-01
-3.7499475595e-01 8.6684852517e-01 3.2856136020e-01
7.1960994798e-01 4.8759599336e-02 6.9266443841e-01
4.9473152985e-01 -2.6084646895e+00 -8.3169895213e+00
9.7451747859e+02 1.4226342036e-01 3.5100908473e-03
6.9276269662e-01 4.3038053517e-01 -5.7866435963e-01
-3.6910315679e-01 9.0093940755e-01 2.2819080517e-01
6.1955040619e-01 5.5504764330e-02 7.8299202763e-01
3.1782209851e-01 -2.4279370318e+00 -8.2739492349e+00
1.0372613544e+03 4.9512020619e-02 9.0122221138e-04
7.3773207620e-01 4.1277658483e-01 -5.3419741179e-01
-3.7762093557e-01 9.0823691668e-01 1.8030011704e-01
5.5960147674e-01 6.8710946739e-02 8.2590858637e-01
1.1289549233e-01 -2.2952716472e+00 -8.7303986723e+00
1.0150439422e+03 -2.6980961006e-02 -1.0202095034e-03
7.8164975472e-01 3.8767721925e-01 -4.8860007636e-01
-3.7888394546e-01 9.1739724630e-01 1.2177540126e-01
4.9544991353e-01 8.9937012154e-02 8.6396800695e-01
-5.6074082600e-02 -2.1374975285e+00 -8.5485643383e+00
8.8262412314e+02 1.1116437128e-01 5.2844161156e-03
8.1416902088e-01 3.6598991149e-01 -4.5075513321e-01
-3.9231940901e-01 9.1905988030e-01 3.7608745617e-02
4.2803538025e-01 1.4622011187e-01 8.9185502865e-01
-9.3823321193e-02 -1.9228846967e+00 -7.7368332157e+00
1.0717232158e+03 5.0363327921e-02 1.7708782423e-03
8.9372328792e-01 3.1958806383e-01 -3.1483671019e-01
-3.4308027190e-01 9.3907914486e-01 -2.0646712166e-02
2.8905814581e-01 1.2646671162e-01 9.4892126080e-01
-5.4311500996e-01 -1.8066275552e+00 -8.7384210016e+00
1.9995159508e+03 -5.7062300940e-03 -2.1046868540e-05
9.6359921402e-01 2.2202227991e-01 -1.4893845022e-01
-2.3084893089e-01 9.7196525928e-01 -4.4635253653e-02
1.3485297861e-01 7.7392777340e-02 9.8783856585e-01
-9.0347500246e-01 -1.8639777907e+00 -1.3384039119e+01
1.6178899252e+05 -4.3653766794e-06 3.1062612388e-16
9.8766406911e-01 1.4799950635e-01 -5.1145212060e-02
-1.4962178600e-01 9.8830382742e-01 -2.9476530524e-02
4.6184496867e-02 3.6765348055e-02 9.9825613017e-01
-1.2649280061e+00 -1.9680340252e+00 -8.1723351678e+02
3.2210196520e+04 2.4234821229e-05 -1.2930236102e-09
-9.9963571361e-01 -7.1447517109e-03 2.6026766847e-02
8.4413418713e-03 -9.9871087452e-01 5.0053300264e-02
2.5635596676e-02 5.0254767365e-02 9.9840736903e-01
1.2033372141e+00 2.0767629470e+00 1.6085140132e+02
7.3780201104e-01 2.2259912504e+00 3.6719525736e+00
62 32 36
5 0 2 -35.8100 9.8000 1 2 -36.7700 -4.9200 2 2 -42.6300 -17.3700 3 1 -54.8400 -21.1100 4 0 -18.8800 -27.7700
5.0789329445e-01 2.4751380147e+00 5.8586194615e+00
65 85 84
2 0 3 -58.6900 75.4500 1 4 -61.2100 60.5700
8.6589785614e-01 2.2659709266e+00 3.5858826907e+00
49 40 45
5 0 4 -16.8800 13.8900 1 3 -16.1900 -0.0700 2 3 -20.9700 -11.6100 3 2 -32.2700 -15.7600 4 4 2.7100 -23.7200
1.4152702104e+00 2.1317738271e+00 3.1988673510e+00
204 195 182
5 0 7 71.2200 -16.5500 1 5 72.2400 -28.8600 3 8 60.2800 -47.6000 4 15 94.8200 -60.2300 5 14 93.5400 -67.0200
1.2184207074e+00 2.0828936214e+00 3.6140558902e+00
159 144 138
11 0 8 39.9700 -16.2900 1 6 40.6700 -29.6800 2 8 37.7400 -40.6100 3 3 29.6500 -45.5600 4 9 65.1600 -55.5200 5 9 63.4300 -56.3500 6 10 64.1200 -33.1600 7 10 42.0500 -38.1700 67 7 42.7300 -60.9300 68 4 12.4400 -43.3400 69 5 -12.0500 -36.6200
4.1037264519e-01 2.3615685878e+00 2.9389870980e+00
214 208 207
6 0 9 -94.9100 22.5300 1 7 -94.5300 8.0900 2 9 -100.7500 -3.7000 3 4 -117.8100 -11.2700 4 10 -90.2200 -24.0500 5 10 -95.1800 -34.2800
8.9147185091e-01 2.6763377359e+00 3.0886189019e+00
72 87 83
3 0 10 -12.3400 74.1300 1 8 -11.7700 60.1200 2 10 -19.9900 50.6000
1.2950266646e+00 1.9516838832e+00 3.3754984488e+00
36 33 41
11 0 11 50.4300 -42.9500 1 9 51.8700 -56.1000 2 12 49.0900 -67.9900 3 6 40.8200 -74.9900 4 7 75.1800 -87.4700 5 7 73.6700 -91.5400 6 4 75.3000 -70.8200 7 5 54.2200 -76.9000 67 14 57.5500 -86.1200 68 12 26.8900 -66.2500 66 16 38.9300 -106.6700
1.2928861011e+00 1.9527972615e+00 3.3835826956e+00
36 33 41
14 0 12 50.4300 -42.9500 1 10 51.8700 -56.1000 2 13 49.0900 -67.9900 3 7 40.8200 -74.9900 4 8 75.1800 -87.4700 5 8 73.6700 -91.5400 6 5 75.3000 -70.8200 7 7 54.2200 -76.9000 8 7 64.1500 -55.1000 67 15 57.5500 -86.1200 68 13 26.8900 -66.2500 69 12 4.1200 -60.0000 9 3 51.8400 -40.3300 10 2 91.4700 -42.2600
1.1778440152e+00 1.9196670715e+00 3.4029901431e+00
49 53 59
8 0 13 31.7300 -46.8800 1 13 33.2200 -60.5700 2 16 29.9200 -72.4500 3 17 20.4200 -79.9300 4 13 56.8600 -91.6500 67 20 30.7200 -86.0600 68 17 1.4100 -69.1300 69 15 -19.8300 -66.4500
1.0769154507e+00 2.3309341963e+00 3.2719217589e+00
62 86 138
3 0 15 16.9800 18.4900 1 16 17.2800 5.0800 2 15 13.1600 -4.7100
1.1780162031e+00 2.3642337318e+00 3.1830244013e+00
213 215 227
3 0 16 33.5600 22.8100 1 17 33.8700 9.3500 2 18 29.6900 -1.4400
4.1978697101e-01 2.4454481505e+00 3.0829921663e+00
177 120 38
4 0 17 -91.6100 38.1800 1 18 -91.4500 23.8700 2 19 -97.7500 11.9400 3 13 -114.7800 6.2200
1.0716354692e+00 2.4693332237e+00 3.3587223108e+00
175 123 29
4 0 18 16.7100 43.2900 1 19 16.5500 29.6000 2 20 12.3800 18.9600 3 14 3.1500 13.9800
2.7499280259e-01 2.8485653926e+00 2.6401707427e+00
70 28 17
2 0 19 -118.3500 100.5100 1 20 -117.9300 86.3900
1.1477829070e+00 1.9684558197e+00 3.4650381778e+00
151 119 88
11 0 21 27.1000 -37.3000 1 22 28.1600 -50.9500 2 22 25.0300 -63.0900 3 26 15.5500 -69.9600 4 27 51.1300 -81.1100 5 24 48.7900 -84.4000 6 26 48.8200 -62.4600 7 18 26.9600 -68.4200 8 17 35.5300 -46.7700 9 19 24.3500 -28.3300 10 34 64.8600 -30.2100
1.3332345891e+00 2.0494195061e+00 3.5176108071e+00
13 29 82
2 0 22 57.9400 -24.5900 1 23 59.0800 -37.6900
1.3207165487e+00 2.0866415369e+00 3.5211433917e+00
2 31 102
5 0 23 56.4500 -18.8300 1 24 57.3700 -31.5900 2 23 54.7200 -43.1900 3 27 46.3100 -48.5800 4 30 82.9900 -58.3800
1.4457878447e+00 2.1384197313e+00 3.1290516127e+00
209 198 196
13 0 24 76.2200 -16.8900 1 25 77.5700 -29.6400 2 24 74.2200 -40.3400 3 28 65.5700 -47.7900 4 41 100.0100 -62.1800 5 49 98.6700 -69.4900 67 16 100.3000 -51.4700 68 20 63.1200 -30.0900 69 17 33.9000 -20.5100 66 18 94.0100 -75.4900 65 14 99.9300 -89.9500 63 10 77.9800 -67.7400 64 14 76.6200 -70.9400
1.0098633343e+00 2.2376097214e+00 3.1901916492e+00
88 23 19
3 0 25 5.2300 2.7900 1 26 5.0400 -10.1900 3 19 -9.5300 -29.4000
9.2519389143e-01 2.2463050581e+00 3.2836254635e+00
20 13 31
4 0 26 -8.5100 5.9700 1 27 -7.7500 -7.5900 2 25 -12.4500 -19.2300 3 29 -24.1000 -25.4000
9.2519389143e-01 2.2463050581e+00 3.2836254635e+00
20 13 31
4 0 27 -8.5100 5.9700 1 28 -7.7500 -7.5900 2 26 -12.4500 -19.2300 3 30 -24.1000 -25.4000
6.3282112595e-01 2.2929502313e+00 3.2302909832e+00
233 231 216
4 0 28 -56.3400 14.0400 1 29 -55.7100 -0.1100 2 27 -61.1300 -11.8900 3 10 -76.6300 -17.3300
6.4249590125e-01 2.3134063268e+00 2.9803793863e+00
233 231 216
3 0 29 -56.3400 14.0400 1 30 -55.7100 -0.1100 2 28 -61.1300 -11.8900
1.0761016593e+00 2.0338160303e+00 3.4286483681e+00
138 110 95
5 0 30 15.9100 -27.1600 1 54 16.9200 -40.9200 2 29 13.3600 -52.9700 3 40 3.1100 -59.4100 4 29 37.5300 -69.9900
1.1097868988e+00 2.0922396441e+00 3.5889090739e+00
6 27 89
7 0 31 22.2000 -15.4700 1 33 23.0100 -29.1100 2 31 19.6300 -40.5300 3 45 10.0100 -46.3700 4 44 46.5000 -55.2400 5 31 43.6500 -56.0600 6 36 43.5500 -32.6000
1.0723821147e+00 2.0980028241e+00 3.5096472772e+00
130 111 95
5 0 32 16.0500 -15.9700 1 60 16.8700 -29.3900 3 42 3.1800 -46.4400 4 31 38.1400 -55.9500 5 28 35.0000 -58.4400
1.0386912457e+00 2.1338927951e+00 3.2693920812e+00
59 27 11
5 0 33 8.9900 -12.5800 1 34 9.9000 -26.0600 2 32 6.1000 -37.9400 3 46 -4.3700 -45.4500 4 42 29.6100 -58.1300
6.8621648567e-01 2.2469375573e+00 2.9093549711e+00
155 117 77
3 0 34 -49.6300 1.3200 1 35 -49.1000 -11.9600 2 33 -54.2700 -23.9700
1.5218849961e+00 2.2978280236e+00 2.9501714381e+00
23 19 18
15 0 35 89.4700 5.2500 1 36 89.9600 -6.6800 2 35 86.6000 -17.2700 3 48 76.7400 -24.3700 4 47 108.5900 -39.1100 5 51 106.9800 -48.2700 6 60 109.6000 -35.8700 7 58 88.2700 -47.2300 8 57 97.9200 -27.9200 67 23 125.8200 -22.2400 68 31 83.5900 -1.0500 69 28 49.7000 9.9200 9 79 82.9200 -22.1200 66 26 129.2000 -46.8200 65 27 143.8200 -63.5000
1.3176486274e+00 2.2387514017e+00 3.5346087489e+00
185 162 121
4 0 36 56.9500 6.1800 1 37 56.9000 -6.6700 2 34 54.2000 -17.5800 3 49 46.2500 -21.8000
1.1906171193e+00 2.2627400498e+00 3.5825396450e+00
18 71 167
6 0 37 36.1800 11.6000 1 38 36.4700 -1.6200 2 37 33.4300 -12.6800 3 54 24.2000 -16.6800 4 54 61.0100 -25.3600 5 90 58.0400 -26.0100
2.4170308589e-01 2.3063330212e+00 2.9975915869e+00
238 234 226
10 0 39 -122.3100 14.8700 1 39 -121.6900 0.2600 2 38 -128.7700 -11.8200 3 51 -146.9300 -19.3300 4 51 -119.6400 -31.1000 5 54 -126.9600 -40.0400 6 61 -127.7100 -25.8200 7 60 -152.5100 -34.9500 8 58 -148.8200 -24.8900 67 39 -116.4800 34.3900
2.4003846219e-01 2.3076465001e+00 2.9979713936e+00
238 234 226
9 0 40 -122.3100 14.8700 1 40 -121.6900 0.2600 2 39 -128.7700 -11.8200 3 52 -146.9300 -19.3300 4 52 -119.6400 -31.1000 5 55 -126.9600 -40.0400 6 62 -127.7100 -25.8200 7 61 -152.5100 -34.9500 8 59 -148.8200 -24.8900
9.1094932778e-01 2.3057635812e+00 3.5083456370e+00
30 18 24
5 0 41 -9.3100 18.7400 1 41 -8.9500 5.0200 2 40 -13.4500 -6.2600 3 58 -25.0900 -10.4500 4 59 8.9000 -18.4900
9.1175247593e-01 2.3055762673e+00 3.5039905599e+00
30 18 24
4 0 42 -9.3100 18.7400 1 42 -8.9500 5.0200 2 41 -13.4500 -6.2600 3 59 -25.0900 -10.4500
2.7168756277e-01 2.3477548024e+00 2.9341068339e+00
97 102 132
9 0 43 -117.1600 20.8300 1 43 -116.7300 6.2500 2 64 -123.9900 -6.4500 3 57 -141.6300 -13.3900 4 84 -114.6300 -25.9400 5 82 -121.7500 -35.8700 6 130 -122.3400 -22.8000 7 112 -147.0900 -32.6900 8 103 -143.0200 -22.8200
1.3182827090e+00 1.9796412410e+00 3.4046935573e+00
23 20 58
6 0 46 54.9600 -37.6900 1 50 56.1400 -50.9700 2 48 53.5700 -62.4300 3 34 44.8400 -69.2700 4 36 80.6100 -80.8800 5 63 79.7600 -85.4400
1.2975986152e+00 2.0135691957e+00 3.4528381481e+00
185 144 116
11 0 47 52.2400 -31.2800 1 51 53.4000 -44.4600 2 51 50.6900 -55.9900 3 72 42.1300 -62.5800 4 63 78.1100 -73.7700 5 65 76.8700 -77.0900 6 57 77.1900 -56.1500 7 54 55.6000 -61.9600 8 51 64.8100 -39.5000 9 48 54.8400 -21.6800 10 51 96.3500 -21.0800
1.0494985519e+00 2.0351789042e+00 3.2421996825e+00
80 47 19
7 0 48 10.4700 -30.8300 1 214 11.9200 -42.6800 2 74 7.7400 -55.2900 3 96 -2.9100 -62.4500 4 98 30.0000 -75.0400 5 101 26.8000 -81.1500 6 107 26.7500 -63.3500
7.3082004931e-01 2.0198155840e+00 3.3456353911e+00
150 135 129
20 0 49 -40.2400 -29.4600 1 52 -39.4700 -43.5500 2 52 -44.2000 -56.1700 3 71 -57.6600 -63.5700 4 64 -25.7100 -73.9900 5 44 -31.1000 -79.0800 6 53 -32.8200 -58.5500 7 52 -56.7000 -64.7300 8 48 -51.0600 -47.5900 67 72 -50.0800 -44.9200 68 74 -81.3500 -36.6600 69 65 -106.1600 -46.0600 9 30 -70.9600 -30.4800 10 45 -45.3900 -36.4300 66 88 -62.1100 -49.4800 65 143 -57.0600 -49.2100 63 135 -57.5200 -25.0500 64 80 -66.4800 -30.8200 62 90 -45.9200 -20.8900 60 130 -54.9000 6.5800
8.2198223269e-01 2.0353864761e+00 3.3229989713e+00
167 134 21
22 0 50 -25.1200 -27.0800 1 55 -24.1600 -41.0200 2 30 -28.5900 -53.2100 3 37 -41.4600 -60.7900 4 38 -9.1300 -71.7000 5 46 -14.1900 -77.1100 6 55 -15.5600 -57.7900 7 30 -38.7300 -64.6000 8 28 -32.4700 -46.5700 67 51 -30.9600 -44.8500 68 49 -62.6900 -34.9400 69 67 -87.1900 -41.9400 9 28 -51.1400 -30.8900 10 32 -23.7500 -36.5300 66 64 -43.6500 -51.8700 11 36 -28.5600 -55.1500 12 42 -9.7200 -46.0700 13 44 -1.1000 -26.6700 65 68 -38.9800 -53.0700 63 57 -42.3900 -29.3900 64 59 -50.4400 -34.5500 62 59 -31.6400 -25.4500
7.0309060765e-01 2.0523778963e+00 3.2649470384e+00
94 69 45
7 0 51 -45.0400 -25.1200 1 57 -44.0900 -39.2600 2 53 -49.0500 -51.7800 3 73 -63.0600 -59.2300 4 39 -31.9600 -70.3400 5 25 -37.9100 -75.9900 6 29 -40.1200 -57.1400
9.2747229681e-01 2.0756315442e+00 3.2954324836e+00
35 20 22
13 0 52 -8.2500 -21.5900 1 58 -7.5300 -35.5200 2 55 -11.7100 -47.3300 3 41 -23.5500 -54.8100 4 40 8.8500 -66.1300 5 48 4.8600 -71.4900 6 58 3.9900 -52.7000 7 56 -18.5700 -59.8300 8 50 -11.7600 -41.9800 67 52 -8.8800 -41.8100 68 52 -41.1600 -29.7800 69 40 -67.0800 -33.8600 66 65 -20.3100 -51.1100
7.3451219683e-01 2.0637671466e+00 3.3754968697e+00
146 129 109
13 0 53 -39.6000 -21.8400 1 82 -38.5900 -35.9200 2 77 -43.4300 -48.4500 3 76 -56.9400 -55.2400 4 69 -24.6800 -65.5500 5 68 -30.0700 -69.6900 6 73 -31.5400 -48.8100 7 78 -55.1100 -54.7500 8 52 -49.9300 -36.9300 67 76 -48.3700 -36.3400 69 68 -105.6700 -37.5800 9 49 -69.2500 -18.6500 10 76 -43.7900 -22.9300
8.9120949489e-01 2.1044942390e+00 3.3541802065e+00
157 136 115
13 0 54 -14.0800 -16.1200 1 59 -13.4400 -30.0400 2 56 -17.7600 -41.8600 3 77 -29.9400 -48.7700 4 70 3.0200 -59.5300 5 50 -0.7300 -63.9600 6 33 -0.6300 -43.9000 7 34 -23.0800 -50.5900 67 77 -16.6600 -34.6100 68 80 -48.9000 -23.6100 69 69 -75.4200 -29.0600 66 67 -28.4100 -43.3900 65 71 -24.1500 -45.2500
1.3297360291e+00 2.1515916280e+00 3.4982991232e+00
5 24 81
4 0 55 58.1000 -8.4600 1 61 58.8900 -21.5400 2 58 56.1300 -32.6900 3 47 47.9100 -37.5800
1.2371427743e+00 2.1897117419e+00 3.6115017926e+00
52 58 23
20 0 56 43.2800 -0.2600 1 64 43.7500 -13.2400 2 60 40.4200 -24.6100 3 78 32.4700 -28.7100 4 75 70.1300 -37.2000 5 79 67.7900 -37.3000 6 93 68.2800 -13.5200 7 90 46.5200 -17.9900 8 62 53.0400 6.8500 67 73 50.3000 -38.4100 68 82 19.4700 -19.8100 69 72 -9.1800 -16.5100 66 62 28.9500 -57.0400 65 93 21.9200 -62.3800 63 84 0.2200 -25.8300 64 61 -1.0200 -34.3200 62 92 5.9700 -18.8900 61 94 -3.1300 2.4100 60 94 -31.3400 17.7300 59 120 -47.0700 -0.6900
1.1407048910e+00 2.2419510274e+00 3.6170409032e+00
228 214 203
10 0 57 27.8300 9.0900 1 65 28.5600 -4.4400 2 36 25.2200 -15.7000 3 50 15.9600 -19.8800 4 82 53.0400 -28.2100 5 89 50.6100 -28.2600 67 35 32.4800 -22.4800 68 28 0.8400 -6.4000 69 26 -28.0100 -5.5600 66 40 12.4700 -37.5300
1.4535705599e+00 2.3239129521e+00 2.9047766015e+00
12 8 13
8 0 58 78.8200 10.0400 1 107 79.1800 -2.2400 2 61 75.5300 -12.8400 3 127 65.1300 -20.0300 67 54 114.4300 -13.4100 68 56 72.4400 6.2200 69 49 38.2900 15.5000 66 42 118.2100 -35.7800
9.4775629128e-01 2.2681075796e+00 3.4628520615e+00
237 215 112
3 0 59 -3.9900 11.9000 1 66 -3.1500 -1.7200 2 62 -7.7700 -13.0900
8.3851688118e-01 2.3135959165e+00 3.2297071054e+00
24 27 29
2 0 60 -22.6000 16.6300 1 69 -21.9000 2.6200
1.0617192544e+00 2.3230098019e+00 3.5536492371e+00
29 63 141
3 0 61 15.2600 21.7000 1 44 15.8000 7.9500 2 43 11.7700 -2.8500
1.1806245067e+00 2.3688393042e+00 3.1309306043e+00
214 217 228
3 0 62 33.8700 22.8000 1 71 34.1900 9.6100 2 106 29.9200 -1.5900
2.5576464612e-01 2.3853847599e+00 2.9093439686e+00
238 233 221
6 0 64 -120.6100 26.5200 1 45 -120.1100 12.0600 2 44 -127.0900 0.0800 3 60 -144.7700 -7.2600 4 56 -118.1100 -20.2000 5 85 -125.0100 -30.7800
2.5500465538e-01 2.3873738561e+00 2.8855181659e+00
238 233 221
9 0 65 -120.6100 26.5200 1 46 -120.1100 12.0600 2 45 -127.0900 0.0800 3 61 -144.7700 -7.2600 4 57 -118.1100 -20.2000 5 86 -125.0100 -30.7800 6 135 -125.7500 -18.8700 7 116 -150.0300 -29.0900 8 105 -146.5900 -19.8500
4.4254420895e-01 2.3964654570e+00 3.0499158807e+00
249 236 227
3 0 66 -88.5200 29.5700 1 47 -88.2900 15.1500 2 68 -94.3900 3.5200
1.1218078467e+00 2.4475083359e+00 2.8509390880e+00
244 232 98
4 0 67 23.3400 32.1600 1 72 23.8300 19.0200 2 69 19.0100 8.2300 3 86 7.0800 0.5900
1.1218078467e+00 2.4475083359e+00 2.8509390880e+00
244 232 98
4 0 68 23.3400 32.1600 1 73 23.8300 19.0200 2 70 19.0100 8.2300 3 87 7.0800 0.5900
1.0626691034e+00 2.5305064705e+00 2.8259108521e+00
165 116 42
3 0 70 14.1200 46.2200 1 74 14.1900 32.2600 2 112 8.9600 21.7000
9.8783530098e-01 2.3507554312e+00 5.2115563690e+00
218 218 193
2 0 71 9.2100 47.3200 1 75 8.9600 33.4300
3.1874407738e-01 2.6488234412e+00 2.5400175377e+00
43 6 0
8 0 72 -112.1000 65.8800 1 119 -111.0300 50.8000 2 71 -118.2900 39.7600 3 368 -134.4100 30.6600 4 144 -114.8600 15.0700 5 137 -119.8900 0.4100 6 227 -116.9600 6.4900 7 383 -137.6100 -7.4600
1.0859030952e+00 1.9016196461e+00 3.4083095277e+00
54 35 38
3 0 74 16.4900 -48.5900 1 76 17.7700 -62.3300 4 91 39.5800 -94.8800
1.4071563892e+00 2.0765314206e+00 3.2107243183e+00
240 232 224
13 0 76 69.9400 -25.7300 1 81 71.0000 -38.3800 2 76 68.1600 -49.6400 3 97 59.3300 -56.8600 4 101 93.3900 -70.1600 67 46 88.5700 -63.2500 68 46 53.3100 -42.0300 69 41 26.3400 -33.3600 66 33 78.3000 -86.3600 65 39 81.0800 -99.4900 63 35 58.9100 -73.6200 64 33 57.9500 -78.1700 62 38 66.5600 -71.1600
1.1360525025e+00 2.0357264415e+00 3.5268591827e+00
25 26 16
21 0 77 25.9500 -25.9400 1 80 26.9700 -39.3600 2 75 23.7800 -51.3000 3 75 14.1800 -57.2600 4 67 50.1600 -67.4400 5 67 47.6500 -69.6100 6 76 47.6000 -46.8100 7 82 25.7100 -51.6700 8 56 33.2200 -29.2700 67 67 24.6900 -63.4700 68 72 -4.4500 -46.9800 69 64 -28.0900 -45.5500 9 56 22.5100 -8.5600 10 54 62.8000 -7.3600 66 82 3.0500 -78.9900 11 80 64.8000 -29.0300 12 71 82.4100 -18.8900 13 104 89.2300 -0.1800 63 78 -19.1600 -47.6300 64 77 -21.8600 -56.4000 62 82 -12.3300 -41.8400
7.7036498882e-01 2.0697371588e+00 3.3753414288e+00
23 12 28
23 0 78 -33.9500 -21.1200 1 83 -33.2600 -35.2100 2 78 -38.1700 -47.5500 4 104 -18.3300 -64.1300 5 69 -23.6400 -68.7800 6 75 -24.7400 -48.0200 7 81 -47.6800 -53.4600 8 53 -42.6500 -35.9600 67 74 -41.9200 -37.4100 68 78 -73.7100 -28.5400 69 38 -99.3900 -37.2100 9 50 -61.1300 -17.5000 10 50 -35.0800 -21.9600 66 69 -54.4300 -43.2300 11 58 -38.1900 -39.7400 12 67 -18.2900 -31.3900 13 69 -7.6400 -11.9700 14 85 -24.7600 -17.6200 65 73 -49.5900 -43.3300 63 90 -50.9800 -19.2100 64 62 -59.7300 -24.7100 62 94 -40.1700 -15.1600 61 95 -36.2800 1.8300
1.4471275409e+00 2.1171290389e+00 3.1571334816e+00
228 215 203
10 0 79 76.3300 -19.8900 1 85 77.3600 -32.4500 2 80 74.5600 -43.6000 3 101 65.7900 -50.7500 4 103 99.6100 -64.1400 67 68 99.1500 -56.8600 68 75 62.7800 -35.2300 69 96 34.4100 -25.7200 66 59 91.8800 -81.1000 65 61 96.7400 -95.6100
1.3723360487e+00 2.1119594029e+00 3.1878929799e+00
218 212 196
4 0 80 64.3400 -19.8200 1 86 65.2900 -32.5800 2 79 62.1400 -43.8100 3 100 52.8700 -50.8300
1.4745066026e+00 2.1441072994e+00 3.1653854661e+00
224 207 197
4 0 82 81.2400 -15.4900 1 87 82.2000 -27.9200 2 84 79.3600 -38.8100 3 103 70.5400 -45.8500
1.4747109144e+00 2.1476945616e+00 3.1305536279e+00
224 207 197
5 0 83 81.2400 -15.4900 1 88 82.2000 -27.9200 2 85 79.3600 -38.8100 3 104 70.5400 -45.8500 4 165 103.9500 -59.5100
1.3615003411e+00 2.1449933320e+00 3.3108552855e+00
200 202 220
4 0 84 62.7500 -12.4900 1 89 63.5300 -25.3500 2 87 60.9000 -36.0500 3 170 52.2600 -43.0200
1.4740790319e+00 2.1769429678e+00 3.0610135324e+00
111 104 88
18 0 85 80.8300 -11.2500 1 93 82.1600 -23.5900 2 88 78.7200 -34.4300 3 107 69.7300 -41.6200 4 109 101.8500 -55.4800 5 171 100.3300 -63.1100 6 176 102.2400 -48.6400 7 154 81.5100 -59.0900 8 279 90.7800 -38.9700 67 49 109.1800 -44.7200 65 42 114.5000 -85.1500 63 49 92.6200 -65.1800 64 52 90.7000 -67.4800 62 49 102.2100 -64.2200 61 48 94.7500 -55.5500 60 76 62.7000 -38.7300 59 62 42.4200 -55.7800 58 82 -5.3500 -62.7800
1.4702829174e+00 2.1793640837e+00 3.0747609581e+00
111 104 88
9 0 86 80.8300 -11.2500 1 94 82.1600 -23.5900 2 89 78.7200 -34.4300 3 108 69.7300 -41.6200 4 110 101.8500 -55.4800 5 172 100.3300 -63.1100 6 177 102.2400 -48.6400 7 155 81.5100 -59.0900 8 280 90.7800 -38.9700
8.4997584974e-01 2.1297418409e+00 3.3896689344e+00
63 51 37
21 0 87 -20.6600 -10.8700 1 92 -20.0300 -24.9000 2 86 -24.4400 -36.8000 3 106 -36.8200 -43.2400 4 112 -3.7800 -53.4800 5 71 -8.1000 -57.3800 6 78 -8.8700 -36.8400 7 83 -31.8800 -43.0100 8 70 -26.1600 -24.1200 67 122 -24.7900 -28.2800 68 115 -57.3400 -18.0000 69 100 -84.2500 -24.3500 9 58 -43.1100 -5.8500 10 79 -15.9300 -7.7500 66 128 -37.0200 -35.7500 11 83 -19.5600 -25.1500 12 72 -1.9200 -15.8500 65 148 -33.4700 -37.0000 63 143 -37.1700 -13.6100 64 133 -45.0500 -18.5800 62 136 -26.5600 -9.4500
1.4706438366e+00 2.2122830925e+00 3.0259666882e+00
229 208 189
8 0 88 80.7900 -6.4800 1 98 81.8600 -18.6500 2 95 78.4200 -29.4000 3 114 69.0300 -36.5700 4 113 101.5200 -50.7300 69 73 39.5200 -6.6800 66 61 109.1500 -61.4900 64 54 96.0700 -60.2900
1.5045469802e+00 2.2134681231e+00 2.9912367917e+00
119 103 99
13 0 89 86.5700 -6.1900 1 97 87.2500 -18.6100 2 94 83.9400 -29.2600 67 53 117.7100 -38.3300 69 75 46.3200 -6.0000 66 60 117.1400 -63.3400 65 62 127.9500 -79.7300 63 50 106.3800 -61.8200 64 53 104.2400 -63.2000 62 52 116.7200 -61.2800 60 77 78.2100 -38.2600 59 101 57.9400 -55.3900 58 83 9.4000 -62.0500
1.1063996641e+00 2.1520802774e+00 3.6190695290e+00
8 16 69
11 0 90 21.9000 -5.8400 1 95 22.6900 -19.2500 2 92 19.2600 -30.8100 3 115 9.7000 -35.4200 4 123 46.7800 -43.8300 5 74 43.7600 -43.9700 6 89 43.5400 -19.3900 8 75 28.1700 0.3700 9 61 17.1500 24.4100 10 63 55.6000 29.9700 11 64 59.7300 9.3600
1.1064739114e+00 2.1477995123e+00 3.6333691375e+00
8 16 69
10 0 91 21.9000 -5.8400 1 96 22.6900 -19.2500 2 93 19.2600 -30.8100 3 116 9.7000 -35.4200 4 124 46.7800 -43.8300 5 75 43.7600 -43.9700 6 90 43.5400 -19.3900 7 89 21.6500 -23.3900 8 76 28.1700 0.3700 69 98 -35.0000 -24.4000
2.8456498393e-01 -4.2974787074e-02 3.3067025296e+00
0 0 255
0
1.1737414220e+00 2.1742144278e+00 3.4750147524e+00
158 144 95
2 0 93 32.9700 -4.3100 1 154 32.9400 -17.5500
9.0282953857e-01 2.1940333755e+00 3.4353952061e+00
167 151 150
4 0 95 -11.6200 -0.3900 1 100 -10.9000 -14.0400 2 96 -15.6200 -25.6800 3 118 -27.0100 -31.2800
1.1707109138e+00 2.1857428283e+00 3.6236980615e+00
3 17 39
23 0 96 32.1200 0.2500 1 101 32.8900 -13.1500 2 147 30.1800 -24.3600 3 176 21.0500 -28.7100 4 128 57.9000 -36.9000 5 80 55.4500 -36.9400 7 121 33.9400 -16.5300 8 77 40.2500 8.0800 67 75 35.6500 -36.0600 9 100 30.7200 31.7300 10 120 70.7900 37.4200 66 121 13.9200 -52.6500 11 136 73.9900 16.5600 12 187 91.0100 26.1900 13 300 98.3000 44.2100 14 431 67.3000 35.7800 65 96 6.4200 -56.5700 63 138 -12.0800 -20.5700 64 129 -14.1900 -29.1800 62 133 -6.0700 -13.6000 61 237 -13.1800 7.5900 60 235 -38.9300 21.4800 59 191 -54.0300 3.4900
1.1070748063e+00 2.2033347326e+00 3.6929716991e+00
158 144 119
5 0 97 22.6200 3.8300 1 102 23.1700 -9.5000 2 150 19.8800 -20.8800 3 121 10.3500 -24.6400 4 200 47.7200 -32.3100
1.4739258514e+00 2.2925228419e+00 2.9265817718e+00
219 217 223
13 0 98 81.7900 4.9400 1 104 82.2300 -7.3500 2 98 78.9000 -17.9800 3 119 68.5700 -25.3700 4 127 100.5800 -39.8400 5 116 98.1400 -48.9700 6 118 99.6100 -36.3500 7 102 77.6700 -47.9100 67 128 117.1600 -21.2800 68 127 75.2300 -0.8900 69 186 42.5200 9.0300 66 124 120.5000 -44.9700 65 94 133.4200 -60.2000
1.4252086894e+00 2.3238264987e+00 2.7847255568e+00
204 194 191
2 0 99 73.7400 8.7600 1 106 74.2700 -3.5500
1.5244795081e+00 2.3362674509e+00 2.8648538073e+00
166 134 130
5 0 103 90.4300 10.8800 1 108 90.8700 -1.1300 3 128 77.8200 -18.8200 4 198 109.2400 -34.0000 66 38 134.3000 -38.2600
1.2231945072e+00 2.2740874408e+00 3.5724250170e+00
9 57 151
15 0 106 41.6000 12.9600 1 109 42.0800 -0.2000 2 101 38.6300 -11.2300 3 130 29.9400 -15.1200 4 133 66.3200 -24.0200 5 212 64.4300 -24.6700 6 370 65.5800 -2.0200 67 37 52.5100 -19.0300 68 54 19.1100 -1.5700 69 46 -11.1500 1.4100 66 43 34.8200 -36.5300 65 47 29.6900 -42.0700 63 63 9.2000 -10.0300 64 64 7.7200 -17.3200 62 65 15.3900 -3.8000
9.6572153586e-01 2.3381533449e+00 3.3719595347e+00
174 71 37
3 0 108 -1.4200 21.5800 1 110 -0.3000 8.5900 2 105 -4.8200 -2.5100
1.1147043107e+00 2.3155446193e+00 3.7410004745e+00
192 194 229
3 0 109 24.1700 22.5400 1 113 24.9700 9.3100 2 107 21.5900 -1.5100
4.8818898600e-01 2.3244725219e+00 3.4488705044e+00
245 235 219
4 0 110 -79.1900 23.1000 1 111 -78.9000 8.7300 2 103 -85.0000 -3.0800 3 81 -98.0400 -7.9400
4.8818898600e-01 2.3244725219e+00 3.4488705044e+00
245 235 219
4 0 111 -79.1900 23.1000 1 112 -78.9000 8.7300 2 104 -85.0000 -3.0800 3 82 -98.0400 -7.9400
4.6733393814e-01 2.3485106655e+00 3.2572056567e+00
152 127 90
3 0 112 -83.1200 25.1000 1 114 -82.8300 10.4300 2 168 -89.3600 -2.7600
4.6670872572e-01 2.3508759790e+00 3.2696060398e+00
152 127 90
2 0 113 -83.1200 25.1000 1 115 -82.8300 10.4300
1.0830732721e+00 2.4577128098e+00 2.8342258546e+00
241 223 109
4 0 115 17.0100 33.7400 1 117 17.2900 20.6200 2 111 12.3900 9.7500 3 138 0.1300 2.1700
5.1225722366e-01 2.6568788350e+00 2.4965662357e+00
73 70 50
3 0 117 -80.0200 65.4900 1 120 -79.5500 51.4100 3 370 -102.4400 31.0300
1.2278473787e+00 1.9669664203e+00 3.4522938682e+00
43 10 3
19 0 122 40.2500 -38.6100 1 126 41.5400 -51.9800 2 120 38.5200 -63.9800 3 146 29.7900 -70.8400 4 149 65.4500 -81.9300 5 151 63.5700 -85.6700 6 163 64.0900 -64.6800 7 138 42.2000 -70.7000 8 86 51.4400 -48.7900 68 154 12.8300 -61.6500 69 139 -9.8600 -57.5000 9 108 41.0200 -30.8400 10 91 82.6300 -31.8200 66 167 21.0900 -98.6300 11 150 80.9100 -52.6000 12 136 95.5000 -40.6700 13 233 99.0100 -21.1500 14 332 66.7100 -22.6100 63 183 -2.9500 -70.0200
4.1278066095e-01 -2.7787363897e-01 3.2741138018e+00
0 0 255
0
1.0457784221e+00 1.8875416072e+00 4.2569451733e+00
78 48 14
3 0 124 12.5800 -36.6600 1 204 14.5800 -52.1700 2 208 11.6800 -65.7100
1.2745661636e+00 2.0001784678e+00 3.4520374618e+00
182 156 137
14 0 125 48.0700 -33.3700 1 128 49.0100 -46.6000 2 122 46.3600 -58.5000 3 148 37.9800 -65.1000 4 151 73.9700 -76.2800 5 102 72.1700 -79.6000 6 108 72.2600 -58.4800 7 97 50.9000 -64.6300 68 156 23.1400 -57.0400 69 142 -0.2400 -51.5500 10 95 91.6600 -23.8200 66 168 33.6300 -96.7400 11 109 88.7500 -44.5900 65 199 27.3000 -104.5300
9.1670420646e-01 2.0089861586e+00 3.2352714719e+00
149 104 40
4 0 126 -11.0000 -33.5900 1 77 -9.7600 -47.5800 4 95 6.1500 -79.5100 5 98 1.4700 -85.8100
1.3517617527e+00 2.0273995565e+00 3.3647510907e+00
142 101 54
4 0 127 60.5300 -30.3700 1 132 62.0200 -43.5600 2 73 59.5300 -55.6400 3 153 50.5600 -62.2200
1.1354481564e+00 2.0121440808e+00 3.5142740785e+00
165 140 121
15 0 128 25.5000 -29.9000 1 129 26.5500 -43.4700 2 125 23.4600 -55.4800 3 154 13.9500 -61.7700 4 153 49.7500 -71.8900 5 105 47.3900 -74.5500 6 111 47.4100 -51.9600 67 173 24.2200 -68.1600 68 159 -4.8700 -51.2800 69 143 -28.0400 -50.0900 9 121 22.0000 -14.4700 10 106 62.6400 -14.3200 12 148 81.8600 -24.4000 13 246 88.8300 -5.0000 14 229 58.9700 -9.2000
7.6901673465e-01 2.0213637411e+00 3.3309282800e+00
22 34 46
16 0 130 -33.6100 -29.2200 1 130 -32.9200 -43.4300 2 123 -37.8900 -56.1300 3 152 -51.0100 -63.3700 4 152 -18.8600 -74.1500 5 103 -23.8700 -79.1000 7 75 -48.7000 -65.9400 8 87 -43.1900 -48.2900 10 74 -35.7500 -37.8400 66 198 -54.4100 -51.0300 11 75 -39.8600 -56.6700 12 59 -20.1500 -48.7100 13 92 -10.4000 -29.5300 14 116 -27.5300 -34.4800 15 192 -29.3100 -41.2700 62 198 -40.1100 -23.3400
7.7054630131e-01 2.0237451562e+00 3.3253636409e+00
22 34 46
7 0 131 -33.6100 -29.2200 1 131 -32.9200 -43.4300 2 124 -37.8900 -56.1300 7 76 -48.7000 -65.9400 8 88 -43.1900 -48.2900 10 75 -35.7500 -37.8400 11 76 -39.8600 -56.6700
8.7144004094e-01 2.0423594288e+00 3.3060307193e+00
153 130 31
18 0 132 -16.9900 -26.1300 1 218 -16.6500 -40.3000 2 127 -20.6800 -52.3900 3 244 -33.0100 -59.7700 4 154 -0.7300 -71.1300 5 162 -5.3900 -76.6700 6 166 -6.3400 -57.4800 69 147 -77.8700 -40.0500 9 109 -40.2200 -31.2000 10 89 -12.5600 -36.4500 66 197 -32.6000 -53.3700 11 149 -17.8200 -54.8600 12 134 -0.9800 -45.6400 13 226 5.9600 -26.4600 14 324 -15.3800 -30.4300 65 239 -28.0700 -55.6200 63 393 -33.2800 -31.9000 64 214 -40.3600 -36.9900
1.4295711484e+00 2.0962919772e+00 3.1700855747e+00
71 60 47
11 0 133 73.0500 -22.4500 1 135 74.5000 -35.1400 2 228 71.6000 -46.2900 3 159 63.1500 -53.6900 69 154 30.9900 -28.9700 65 86 90.2800 -97.2100 63 116 68.4500 -72.8700 62 115 76.2700 -70.4600 60 185 37.0500 -40.5400 59 242 18.0700 -57.4200 58 206 -28.3600 -63.9800
1.1016413949e+00 2.0535355178e+00 3.5600699033e+00
15 22 58
11 0 134 20.6300 -22.0100 1 134 21.5000 -35.3900 3 98 8.3400 -53.2600 4 107 44.5700 -62.3700 5 108 41.5300 -64.7100 6 116 41.4900 -41.6000 7 103 19.2800 -46.1400 8 101 26.7500 -23.4500 68 164 -10.7200 -42.4300 9 87 15.7200 -1.3400 11 84 58.3200 -19.6900
7.9600592424e-01 2.0644165683e+00 3.3550049030e+00
157 137 57
22 0 135 -29.4300 -22.1200 1 225 -29.0100 -36.1400 2 128 -33.0500 -48.5000 3 157 -46.1900 -55.5600 4 159 -13.8200 -66.0700 5 167 -18.7400 -70.5200 6 112 -19.9100 -50.2900 7 100 -43.3700 -56.6300 8 93 -37.5500 -38.6300 67 196 -36.2700 -38.8900 68 178 -67.8900 -29.4600 69 151 -93.3800 -37.2100 9 117 -56.0800 -21.2200 10 93 -29.2000 -25.8300 66 204 -48.0500 -45.0600 11 111 -33.2100 -44.2000 12 92 -14.0600 -35.6600 14 125 -22.7900 -21.9200 63 221 -46.4700 -21.8200 64 223 -54.8300 -27.1900 62 204 -35.4900 -17.7400 61 229 -32.6200 -1.0800
1.3999059694e+00 2.1078032304e+00 3.1554955420e+00
56 46 44
8 0 136 68.7500 -21.2300 1 138 69.9400 -33.9300 3 161 57.7000 -52.2900 4 160 91.1700 -65.6800 5 164 89.5100 -72.6500 6 167 91.1100 -56.6500 7 141 69.6900 -66.0400 8 269 79.2300 -45.5000
1.4000702359e+00 2.1062293610e+00 3.1664303513e+00
56 46 44
13 0 137 68.7500 -21.2300 1 139 69.9400 -33.9300 2 231 66.7000 -45.0600 3 162 57.7000 -52.2900 4 161 91.1700 -65.6800 5 165 89.5100 -72.6500 6 168 91.1100 -56.6500 67 103 89.2800 -56.5600 68 101 53.5800 -35.9500 69 94 25.6500 -27.3700 66 81 81.4600 -79.5900 64 73 62.9200 -72.6600 62 79 72.6600 -66.6500
1.4747244383e+00 2.1153281620e+00 3.1465064194e+00
123 94 44
8 0 140 81.9400 -20.5400 1 84 83.5400 -32.4300 2 130 79.3000 -44.4300 3 99 71.2600 -50.9900 4 102 104.8800 -64.5400 5 163 102.7100 -73.0200 68 170 67.0900 -37.1200 69 159 38.7900 -26.6300
1.3047929494e+00 2.1000697261e+00 3.5220582404e+00
5 8 53
6 0 141 53.8700 -16.3400 1 143 54.9100 -29.6600 2 133 52.1200 -40.9600 3 168 44.2100 -45.8600 4 169 80.1800 -56.3500 7 105 57.7700 -40.9500
7.1949942311e-01 2.0983862019e+00 3.4149226140e+00
146 126 120
11 0 142 -41.7300 -15.8900 1 144 -40.9400 -29.7500 2 132 -46.0500 -42.2400 3 102 -59.1900 -48.5900 4 108 -26.4600 -58.2600 5 112 -31.7900 -61.7900 6 117 -33.2400 -40.4300 10 78 -45.7900 -10.5600 11 81 -48.3800 -28.5100 12 70 -27.4100 -20.7500 13 71 -15.6900 -1.5600
1.3037912925e+00 2.1306059573e+00 3.5406761468e+00
179 170 177
21 0 146 54.0600 -11.5800 1 91 55.0600 -24.9900 2 251 51.8400 -34.9900 3 110 43.9600 -41.4200 4 115 80.8600 -51.0700 5 186 79.0500 -50.9500 6 196 79.7300 -27.9900 7 344 57.6900 -32.7500 8 186 66.2900 -8.8000 67 107 63.6800 -53.6100 68 174 32.1300 -33.2100 69 93 5.6800 -27.9100 9 94 57.5500 8.6500 10 115 98.0400 11.5200 11 279 96.0300 -4.8800 12 467 108.5500 6.1200 65 124 36.5900 -82.1800 63 203 13.4600 -44.6700 62 187 18.6600 -38.3800 61 363 8.0600 -17.3000 60 328 -21.1500 0.0900
1.1883637242e+00 2.1316891834e+00 3.5896260907e+00
45 46 60
5 0 147 34.9200 -9.6500 1 148 35.7600 -22.7700 2 91 32.8300 -33.7400 67 116 38.2500 -47.3900 68 105 8.0000 -29.6700
8.5560532179e-01 2.1544931273e+00 3.4018383550e+00
169 152 141
20 0 148 -19.5700 -6.7900 1 150 -18.9900 -20.6900 2 138 -23.5800 -32.6100 3 111 -35.7300 -38.6900 4 116 -2.4300 -48.6200 5 115 -6.9900 -52.3100 6 120 -7.8300 -31.5200 7 108 -30.4500 -37.4800 8 71 -25.3100 -18.4100 67 127 -22.7600 -23.8100 68 194 -55.0700 -13.2000 69 102 -83.0600 -19.5100 9 88 -42.0500 0.2400 10 110 -15.0000 -1.0700 66 130 -34.6100 -31.5100 11 85 -18.5300 -18.1800 12 103 -1.2900 -8.8400 63 145 -36.1700 -9.3300 64 134 -43.7500 -14.3200 62 140 -25.8900 -4.9500
8.0081783936e-01 2.1600436893e+00 3.4253793991e+00
74 42 41
14 0 149 -28.4200 -5.4200 1 152 -27.8900 -19.2400 2 140 -32.4300 -31.2700 3 112 -44.9700 -36.8900 4 119 -11.7900 -46.6500 8 107 -35.5400 -14.8200 67 129 -34.0800 -20.8700 68 118 -66.4400 -11.1300 69 103 -94.3800 -18.9600 66 131 -46.3200 -26.9900 65 155 -42.6500 -27.5200 64 138 -53.7100 -8.9300 62 223 -34.8400 0.4400 61 244 -31.7500 17.5300
8.0116265158e-01 2.1601026136e+00 3.4254155626e+00
74 42 41
17 0 150 -28.4200 -5.4200 1 153 -27.8900 -19.2400 2 142 -32.4300 -31.2700 3 113 -44.9700 -36.8900 4 121 -11.7900 -46.6500 5 190 -16.3600 -49.8800 6 122 -17.6200 -28.5100 8 109 -35.5400 -14.8200 67 131 -34.0800 -20.8700 68 120 -66.4400 -11.1300 69 104 -94.3800 -18.9600 66 132 -46.3200 -26.9900 65 156 -42.6500 -27.5200 63 236 -45.4500 -4.2500 64 139 -53.7100 -8.9300 62 224 -34.8400 0.4400 61 245 -31.7500 17.5300
1.3210985413e+00 2.1735483401e+00 3.5567642763e+00
180 169 171
14 0 151 56.9400 -4.1200 1 155 57.8000 -16.9900 2 146 54.9600 -28.2200 3 174 46.8800 -32.6300 4 182 84.0900 -41.8500 6 209 83.2600 -20.0100 7 117 61.6800 -24.5700 8 118 69.7100 -0.1500 67 190 68.4700 -45.5900 68 182 36.4600 -25.4600 69 163 8.7600 -19.4200 9 142 60.9100 20.7800 10 186 100.9600 25.6900 11 474 99.1800 3.5700
7.4580092302e-01 2.1862688727e+00 3.3102468233e+00
100 95 86
3 0 152 -37.8900 -2.7000 1 259 -37.4100 -16.4900 2 145 -42.3000 -28.6900
7.0984388739e-01 2.1739479410e+00 3.4830045990e+00
28 11 21
11 0 153 -43.5600 -1.9300 1 156 -42.9500 -15.7400 3 289 -61.3200 -33.8500 4 305 -27.8500 -42.8000 5 193 -33.0000 -44.9700 6 204 -34.4800 -22.6000 7 194 -57.5800 -27.3800 8 331 -53.5200 -8.4200 9 137 -72.0600 13.7000 10 116 -47.3300 14.2900 11 89 -49.2300 -1.8000
7.9760644256e-01 2.1834678452e+00 3.4490017483e+00
143 123 127
