# Bundle file v0.3
70 1426
-3.5476222844e+03 -1.7906022810e-03 -4.9619879327e-07
9.9931151226e-01 2.8859581503e-02 2.3315789259e-02
-3.0843194110e-02 9.9548646129e-01 8.9751895642e-02
-2.0620350394e-02 -9.0409235976e-02 9.9569120273e-01
-1.1012669342e+00 -2.4404975721e+00 1.8536452670e+01
-4.4993713086e+03 6.9851613904e-04 9.9883451742e-07
9.9965068410e-01 1.7018962330e-02 2.0220402933e-02
-1.8638340775e-02 9.9639176671e-01 8.2801325360e-02
-1.8738250365e-02 -8.3149276301e-02 9.9636091645e-01
-1.0614485988e+00 -2.5134918634e+00 2.4261588678e+01
5.7897030011e+05 4.4340411438e-07 0.0000000000e+00
9.9963111680e-01 7.1684410979e-03 2.6196254970e-02
-9.2969231973e-03 9.9658442889e-01 8.2055123657e-02
-2.5518572478e-02 -8.2268399472e-02 9.9628345008e-01
-1.0863519458e+00 -2.5862090490e+00 -3.4452569141e+03
1.0269086766e+06 2.6587443972e-08 0.0000000000e+00
9.9902644602e-01 2.5888674487e-03 4.4039276913e-02
-7.5358064503e-03 9.9361876706e-01 1.1253869275e-01
-4.3466904270e-02 -1.1276100173e-01 9.9267093476e-01
-1.1999673539e+00 -2.7128630814e+00 -5.8737472973e+03
1.7289072050e+05 -2.3642675059e-06 -5.6762826476e-14
9.9569204395e-01 1.3666028861e-03 9.2711844015e-02
-1.6557911614e-02 9.8643988552e-01 1.6328560202e-01
-9.1231514221e-02 -1.6411728934e-01 9.8221297393e-01
-1.1714731996e+00 -2.9130816247e+00 -9.6174250920e+02
9.8668714370e+05 -7.2190495323e-08 0.0000000000e+00
-9.9556155468e-01 5.9168745866e-03 -9.3926468253e-02
1.6220393888e-02 -9.7229932287e-01 -2.3317573968e-01
-9.2704313090e-02 -2.3366432622e-01 9.6788785145e-01
1.1822009164e+00 3.1359711602e+00 5.3313094891e+03
3.3129839237e+03 2.5280417470e-03 3.8619410125e-06
9.9720362546e-01 -3.9175602622e-03 7.4629632853e-02
-2.0498941638e-02 9.4598373327e-01 3.2356540262e-01
-7.1866005663e-02 -3.2419042106e-01 9.4325810260e-01
-1.1278868008e+00 -3.2685117691e+00 -1.9832321788e+01
2.3834496088e+03 2.3693718980e-02 1.2375377104e-04
9.9714854808e-01 3.7322137681e-03 7.5371371450e-02
-3.2508302982e-02 9.2259672013e-01 3.8439368133e-01
-6.8102740701e-02 -3.8574779661e-01 9.2008730788e-01
-1.2640477282e+00 -3.4440144468e+00 -1.4511308595e+01
1.8879090006e+03 1.3207586253e-02 7.2670075334e-05
9.9819423075e-01 -2.9696786958e-02 5.2214734834e-02
4.3459639530e-03 9.0267228492e-01 4.3030670298e-01
-5.9911520484e-02 -4.2930274502e-01 9.0117132824e-01
-1.0828059267e+00 -3.4892507303e+00 -1.1496339648e+01
1.3660863396e+03 1.6252253820e-02 3.0916361873e-04
9.9235098702e-01 -4.6503927041e-02 1.1435428867e-01
-2.1707841160e-02 8.4616250053e-01 5.3248266857e-01
-1.2152484601e-01 -5.3089208646e-01 8.3868069272e-01
-1.3248106048e+00 -3.6061709846e+00 -7.9563447904e+00
1.0692688342e+03 -1.8153917452e-03 3.0565889244e-04
9.6683761627e-01 -1.4649534473e-01 2.0919879956e-01
1.9041331705e-03 8.2324064298e-01 5.6768936754e-01
-2.5538480385e-01 -5.4846509252e-01 7.9621896752e-01
-1.2832411484e+00 -3.7032172931e+00 -5.7297198813e+00
7.0353548441e+02 -2.0939898006e-01 -8.9307771712e-03
9.1913449974e-01 -1.9207247285e-01 3.4394757821e-01
-7.3446118293e-03 8.6458107031e-01 5.0243967751e-01
-3.9387539662e-01 -4.6433580309e-01 7.9325559179e-01
-1.6191675743e+00 -3.6258712891e+00 -4.1715311698e+00
7.2402992748e+02 -2.1397890030e-01 -9.8463505221e-03
8.5239840533e-01 -2.6646305547e-01 4.4990487734e-01
2.1589991464e-02 8.7761648539e-01 4.7887699553e-01
-5.2244696463e-01 -3.9848054488e-01 7.5383182773e-01
-1.6999296698e+00 -3.5599942897e+00 -4.1248248462e+00
6.4636247546e+02 -2.3167490164e-02 2.5137744413e-03
7.9180027174e-01 -2.9592239538e-01 5.3430540479e-01
3.9317934861e-02 8.9767266132e-01 4.3890533503e-01
-6.0951327276e-01 -3.2651757845e-01 7.2241251463e-01
-1.8429479297e+00 -3.4044026100e+00 -3.7836558131e+00
5.1140655949e+02 3.1525002357e-01 3.0441910671e-02
6.8071020429e-01 -3.5173719479e-01 6.4258428519e-01
7.5643036815e-02 9.0624572922e-01 4.1592885120e-01
-7.2863691147e-01 -2.3451998653e-01 6.4349718505e-01
-2.0848825869e+00 -3.3994795642e+00 -3.2303827473e+00
5.4952885994e+02 3.8553036817e-02 -1.3755712074e-04
5.5026296249e-01 -4.1498761659e-01 7.2456604267e-01
1.0547687895e-01 8.9534755639e-01 4.3269779439e-01
-8.2830266215e-01 -1.6167260543e-01 5.3644819744e-01
-2.1478313535e+00 -3.4902335525e+00 -3.1580936310e+00
5.9848142319e+02 -9.1461739570e-03 -3.7578951217e-04
4.3240447945e-01 -4.3174268617e-01 7.9159624752e-01
1.4603392731e-01 8.9985477712e-01 4.1101760567e-01
-8.8977551002e-01 -6.2125944956e-02 4.5215031653e-01
-2.1184331311e+00 -3.4348845710e+00 -3.3037363170e+00
6.6332113044e+02 4.9052339872e-02 3.5164504586e-03
3.3633387940e-01 -4.2220043132e-01 8.4179945198e-01
1.5534331725e-01 9.0650161512e-01 3.9258537361e-01
-9.2884227690e-01 -1.2718423711e-03 3.7047322044e-01
-2.2038132679e+00 -3.4534309699e+00 -3.6480021776e+00
7.8387981464e+02 8.1877493549e-02 3.1378281520e-03
1.6480253584e-01 -4.6476818853e-01 8.6996014571e-01
1.8163280847e-01 8.8123663501e-01 4.3638459643e-01
-9.6945842978e-01 8.6096016428e-02 2.2964718349e-01
-2.1422112127e+00 -3.5901208597e+00 -4.2349203151e+00
0 0 0
0 0 0
0 0 0
0 0 0
0 0 0
0 0 0
0 0 0
0 0 0
0 0 0
0 0 0
0 0 0
0 0 0
0 0 0
0 0 0
0 0 0
0 0 0
0 0 0
0 0 0
0 0 0
0 0 0
0 0 0
0 0 0
0 0 0
0 0 0
0 0 0
0 0 0
0 0 0
0 0 0
0 0 0
0 0 0
0 0 0
0 0 0
0 0 0
0 0 0
0 0 0
0 0 0
0 0 0
0 0 0
0 0 0
0 0 0
0 0 0
0 0 0
0 0 0
0 0 0
0 0 0
0 0 0
0 0 0
0 0 0
0 0 0
0 0 0
0 0 0
0 0 0
0 0 0
0 0 0
0 0 0
0 0 0
0 0 0
0 0 0
0 0 0
0 0 0
0 0 0
0 0 0
0 0 0
0 0 0
0 0 0
0 0 0
0 0 0
0 0 0
0 0 0
0 0 0
0 0 0
0 0 0
0 0 0
0 0 0
0 0 0
0 0 0
0 0 0
0 0 0
0 0 0
0 0 0
0 0 0
0 0 0
0 0 0
0 0 0
0 0 0
0 0 0
0 0 0
0 0 0
0 0 0
0 0 0
0 0 0
0 0 0
0 0 0
0 0 0
0 0 0
0 0 0
0 0 0
0 0 0
0 0 0
0 0 0
0 0 0
0 0 0
0 0 0
0 0 0
0 0 0
0 0 0
0 0 0
0 0 0
0 0 0
0 0 0
0 0 0
0 0 0
0 0 0
0 0 0
0 0 0
0 0 0
0 0 0
0 0 0
0 0 0
0 0 0
0 0 0
0 0 0
0 0 0
0 0 0
0 0 0
0 0 0
0 0 0
0 0 0
0 0 0
0 0 0
0 0 0
0 0 0
0 0 0
0 0 0
0 0 0
0 0 0
0 0 0
0 0 0
0 0 0
0 0 0
0 0 0
0 0 0
0 0 0
0 0 0
0 0 0
0 0 0
0 0 0
0 0 0
0 0 0
0 0 0
0 0 0
0 0 0
0 0 0
0 0 0
0 0 0
0 0 0
0 0 0
0 0 0
0 0 0
0 0 0
0 0 0
0 0 0
0 0 0
0 0 0
0 0 0
0 0 0
0 0 0
0 0 0
0 0 0
0 0 0
0 0 0
0 0 0
0 0 0
0 0 0
0 0 0
0 0 0
0 0 0
0 0 0
0 0 0
0 0 0
0 0 0
0 0 0
0 0 0
0 0 0
0 0 0
0 0 0
0 0 0
0 0 0
0 0 0
0 0 0
0 0 0
0 0 0
0 0 0
0 0 0
0 0 0
0 0 0
0 0 0
0 0 0
0 0 0
0 0 0
0 0 0
0 0 0
0 0 0
0 0 0
0 0 0
0 0 0
0 0 0
0 0 0
0 0 0
0 0 0
0 0 0
0 0 0
0 0 0
0 0 0
0 0 0
1.2755165955e+03 1.4572482273e-01 2.0622621523e-03
6.9223598809e-01 4.2661316635e-01 -5.8207434498e-01
-3.6626713177e-01 9.0265136254e-01 2.2598430451e-01
6.2181808029e-01 5.6760232486e-02 7.8110213867e-01
3.7996789376e-01 -2.4131413118e+00 -9.7532329843e+00
1.3098570599e+03 4.7550300307e-02 5.3834733012e-04
7.3625559522e-01 4.0911707947e-01 -5.3902774862e-01
-3.7616618954e-01 9.0957526032e-01 1.7655549741e-01
5.6251817424e-01 7.2774041425e-02 8.2357588755e-01
1.7954016008e-01 -2.2711531638e+00 -1.0093103615e+01
1.2206556884e+03 -1.7111049374e-02 -4.7465878236e-04
7.8028813410e-01 3.8393009419e-01 -4.9370852794e-01
-3.7835190921e-01 9.1834280619e-01 1.1617367649e-01
4.9799624555e-01 9.6146622878e-02 8.6183267885e-01
1.0002592282e-02 -2.1031145441e+00 -9.5558829921e+00
1.0083731133e+03 1.0148640578e-01 3.5862505641e-03
8.1456374389e-01 3.6234479619e-01 -4.5298140781e-01
-3.9291645155e-01 9.1912723989e-01 2.8666687795e-02
4.2673477622e-01 1.5463300284e-01 8.9105895719e-01
-4.1265727837e-02 -1.8716208348e+00 -8.3190913853e+00
1.1964476897e+03 4.0146180464e-02 1.2471487008e-03
8.9373007897e-01 3.1787485403e-01 -3.1654718940e-01
-3.4428173516e-01 9.3839641631e-01 -2.9702738839e-02
2.8760499436e-01 1.3552764676e-01 9.4811160956e-01
-5.0062993722e-01 -1.7492364080e+00 -9.3424024486e+00
2.3338810476e+03 -7.0458111018e-03 -2.3359546155e-05
9.6389412100e-01 2.2112916757e-01 -1.4835772560e-01
-2.3086486099e-01 9.7160834584e-01 -5.1755562477e-02
1.3270093991e-01 8.4137468098e-02 9.8757852701e-01
-8.7797756480e-01 -1.8121110178e+00 -1.5050275035e+01
1.6231557526e+05 -3.9708845529e-06 1.0564379594e-13
9.8749628488e-01 1.4747225340e-01 -5.5704773765e-02
-1.4960942168e-01 9.8807678788e-01 -3.6349445744e-02
4.9680059257e-02 4.4228901617e-02 9.9778539575e-01
-1.2269991081e+00 -1.9159692320e+00 -8.1921340117e+02
3.0691718302e+04 2.8825520833e-05 2.7601428986e-10
-9.9959055945e-01 -6.4626174525e-03 2.7873787652e-02
7.9639771738e-03 -9.9850416346e-01 5.4092611458e-02
2.7482513167e-02 5.4292449958e-02 9.9814680351e-01
1.1792359713e+00 2.0319597063e+00 1.5295655245e+02
7.2308462558e-01 2.1972754611e+00 3.6969195490e+00
62 32 36
5 0 2 -35.8100 9.8000 1 2 -36.7700 -4.9200 2 2 -42.6300 -17.3700 3 1 -54.8400 -21.1100 4 0 -18.8800 -27.7700
4.9566528992e-01 2.4530626804e+00 5.8363942285e+00
65 85 84
2 0 3 -58.6900 75.4500 1 4 -61.2100 60.5700
8.5099441743e-01 2.2369505047e+00 3.6134856032e+00
49 40 45
5 0 4 -16.8800 13.8900 1 3 -16.1900 -0.0700 2 3 -20.9700 -11.6100 3 2 -32.2700 -15.7600 4 4 2.7100 -23.7200
1.3997786944e+00 2.1016394178e+00 3.2367644312e+00
204 195 182
5 0 7 71.2200 -16.5500 1 5 72.2400 -28.8600 3 8 60.2800 -47.6000 4 15 94.8200 -60.2300 5 14 93.5400 -67.0200
1.2034815888e+00 2.0540302803e+00 3.6431246057e+00
159 144 138
11 0 8 39.9700 -16.2900 1 6 40.6700 -29.6800 2 8 37.7400 -40.6100 3 3 29.6500 -45.5600 4 9 65.1600 -55.5200 5 9 63.4300 -56.3500 6 10 64.1200 -33.1600 7 10 42.0500 -38.1700 67 7 42.7300 -60.9300 68 4 12.4400 -43.3400 69 5 -12.0500 -36.6200
3.9496773946e-01 2.3305904460e+00 2.9775658656e+00
214 208 207
6 0 9 -94.9100 22.5300 1 7 -94.5300 8.0900 2 9 -100.7500 -3.7000 3 4 -117.8100 -11.2700 4 10 -90.2200 -24.0500 5 10 -95.1800 -34.2800
8.7582964189e-01 2.6456701353e+00 3.1257660932e+00
72 87 83
3 0 10 -12.3400 74.1300 1 8 -11.7700 60.1200 2 10 -19.9900 50.6000
1.2799220689e+00 1.9220771487e+00 3.4091763968e+00
36 33 41
11 0 11 50.4300 -42.9500 1 9 51.8700 -56.1000 2 12 49.0900 -67.9900 3 6 40.8200 -74.9900 4 7 75.1800 -87.4700 5 7 73.6700 -91.5400 6 4 75.3000 -70.8200 7 5 54.2200 -76.9000 67 14 57.5500 -86.1200 68 12 26.8900 -66.2500 66 16 38.9300 -106.6700
1.2777810209e+00 1.9232751560e+00 3.4162387563e+00
36 33 41
14 0 12 50.4300 -42.9500 1 10 51.8700 -56.1000 2 13 49.0900 -67.9900 3 7 40.8200 -74.9900 4 8 75.1800 -87.4700 5 8 73.6700 -91.5400 6 5 75.3000 -70.8200 7 7 54.2200 -76.9000 8 7 64.1500 -55.1000 67 15 57.5500 -86.1200 68 13 26.8900 -66.2500 69 12 4.1200 -60.0000 9 3 51.8400 -40.3300 10 2 91.4700 -42.2600
1.1627136603e+00 1.8901647994e+00 3.4364839092e+00
49 53 59
8 0 13 31.7300 -46.8800 1 13 33.2200 -60.5700 2 16 29.9200 -72.4500 3 17 20.4200 -79.9300 4 13 56.8600 -91.6500 67 20 30.7200 -86.0600 68 17 1.4100 -69.1300 69 15 -19.8300 -66.4500
1.0614491925e+00 2.3005437663e+00 3.3115502159e+00
62 86 138
3 0 15 16.9800 18.4900 1 16 17.2800 5.0800 2 15 13.1600 -4.7100
1.1624333969e+00 2.3337362321e+00 3.2228569428e+00
213 215 227
3 0 16 33.5600 22.8100 1 17 33.8700 9.3500 2 18 29.6900 -1.4400
4.0445798016e-01 2.4147523841e+00 3.1197408012e+00
177 120 38
4 0 17 -91.6100 38.1800 1 18 -91.4500 23.8700 2 19 -97.7500 11.9400 3 13 -114.7800 6.2200
1.0562781042e+00 2.4394793602e+00 3.3925164088e+00
175 123 29
4 0 18 16.7100 43.2900 1 19 16.5500 29.6000 2 20 12.3800 18.9600 3 14 3.1500 13.9800
2.5898313285e-01 2.8160710022e+00 2.6878564006e+00
70 28 17
2 0 19 -118.3500 100.5100 1 20 -117.9300 86.3900
1.1328921376e+00 1.9392360101e+00 3.4956697176e+00
151 119 88
11 0 21 27.1000 -37.3000 1 22 28.1600 -50.9500 2 22 25.0300 -63.0900 3 26 15.5500 -69.9600 4 27 51.1300 -81.1100 5 24 48.7900 -84.4000 6 26 48.8200 -62.4600 7 18 26.9600 -68.4200 8 17 35.5300 -46.7700 9 19 24.3500 -28.3300 10 34 64.8600 -30.2100
1.3181997142e+00 2.0203565295e+00 3.5477130340e+00
13 29 82
2 0 22 57.9400 -24.5900 1 23 59.0800 -37.6900
1.3056492464e+00 2.0575164814e+00 3.5517992428e+00
2 31 102
5 0 23 56.4500 -18.8300 1 24 57.3700 -31.5900 2 23 54.7200 -43.1900 3 27 46.3100 -48.5800 4 30 82.9900 -58.3800
1.4302340448e+00 2.1080015177e+00 3.1657668466e+00
209 198 196
13 0 24 76.2200 -16.8900 1 25 77.5700 -29.6400 2 24 74.2200 -40.3400 3 28 65.5700 -47.7900 4 41 100.0100 -62.1800 5 49 98.6700 -69.4900 67 16 100.3000 -51.4700 68 20 63.1200 -30.0900 69 17 33.9000 -20.5100 66 18 94.0100 -75.4900 65 14 99.9300 -89.9500 63 10 77.9800 -67.7400 64 14 76.6200 -70.9400
9.9442897001e-01 2.2072897590e+00 3.2277414775e+00
88 23 19
3 0 25 5.2300 2.7900 1 26 5.0400 -10.1900 3 19 -9.5300 -29.4000
9.0992291746e-01 2.2163127774e+00 3.3183864338e+00
20 13 31
4 0 26 -8.5100 5.9700 1 27 -7.7500 -7.5900 2 25 -12.4500 -19.2300 3 29 -24.1000 -25.4000
9.0992291746e-01 2.2163127774e+00 3.3183864338e+00
20 13 31
4 0 27 -8.5100 5.9700 1 28 -7.7500 -7.5900 2 26 -12.4500 -19.2300 3 30 -24.1000 -25.4000
6.1762963714e-01 2.2628236627e+00 3.2643739839e+00
233 231 216
4 0 28 -56.3400 14.0400 1 29 -55.7100 -0.1100 2 27 -61.1300 -11.8900 3 10 -76.6300 -17.3300
6.2713383332e-01 2.2828638062e+00 3.0155781278e+00
233 231 216
3 0 29 -56.3400 14.0400 1 30 -55.7100 -0.1100 2 28 -61.1300 -11.8900
1.0610582300e+00 2.0044214148e+00 3.4602261411e+00
138 110 95
5 0 30 15.9100 -27.1600 1 54 16.9200 -40.9200 2 29 13.3600 -52.9700 3 40 3.1100 -59.4100 4 29 37.5300 -69.9900
1.0948513173e+00 2.0632797102e+00 3.6176897946e+00
6 27 89
7 0 31 22.2000 -15.4700 1 33 23.0100 -29.1100 2 31 19.6300 -40.5300 3 45 10.0100 -46.3700 4 44 46.5000 -55.2400 5 31 43.6500 -56.0600 6 36 43.5500 -32.6000
1.0573789009e+00 2.0687932247e+00 3.5399338214e+00
130 111 95
5 0 32 16.0500 -15.9700 1 60 16.8700 -29.3900 3 42 3.1800 -46.4400 4 31 38.1400 -55.9500 5 28 35.0000 -58.4400
1.0234137088e+00 2.1039184075e+00 3.3047085235e+00
59 27 11
5 0 33 8.9900 -12.5800 1 34 9.9000 -26.0600 2 32 6.1000 -37.9400 3 46 -4.3700 -45.4500 4 42 29.6100 -58.1300
6.7077146968e-01 2.2162137980e+00 2.9463483157e+00
155 117 77
3 0 34 -49.6300 1.3200 1 35 -49.1000 -11.9600 2 33 -54.2700 -23.9700
1.5057980157e+00 2.2665077562e+00 2.9938193155e+00
23 19 18
15 0 35 89.4700 5.2500 1 36 89.9600 -6.6800 2 35 86.6000 -17.2700 3 48 76.7400 -24.3700 4 47 108.5900 -39.1100 5 51 106.9800 -48.2700 6 60 109.6000 -35.8700 7 58 88.2700 -47.2300 8 57 97.9200 -27.9200 67 23 125.8200 -22.2400 68 31 83.5900 -1.0500 69 28 49.7000 9.9200 9 79 82.9200 -22.1200 66 26 129.2000 -46.8200 65 27 143.8200 -63.5000
1.3025348714e+00 2.2096439085e+00 3.5645312592e+00
185 162 121
4 0 36 56.9500 6.1800 1 37 56.9000 -6.6700 2 34 54.2000 -17.5800 3 49 46.2500 -21.8000
1.1755266396e+00 2.2336524299e+00 3.6123633980e+00
18 71 167
6 0 37 36.1800 11.6000 1 38 36.4700 -1.6200 2 37 33.4300 -12.6800 3 54 24.2000 -16.6800 4 54 61.0100 -25.3600 5 90 58.0400 -26.0100
2.2731675248e-01 2.2759166381e+00 3.0309834546e+00
238 234 226
10 0 39 -122.3100 14.8700 1 39 -121.6900 0.2600 2 38 -128.7700 -11.8200 3 51 -146.9300 -19.3300 4 51 -119.6400 -31.1000 5 54 -126.9600 -40.0400 6 61 -127.7100 -25.8200 7 60 -152.5100 -34.9500 8 58 -148.8200 -24.8900 67 39 -116.4800 34.3900
2.2485385004e-01 2.2769696974e+00 3.0338369448e+00
238 234 226
9 0 40 -122.3100 14.8700 1 40 -121.6900 0.2600 2 39 -128.7700 -11.8200 3 52 -146.9300 -19.3300 4 52 -119.6400 -31.1000 5 55 -126.9600 -40.0400 6 62 -127.7100 -25.8200 7 61 -152.5100 -34.9500 8 59 -148.8200 -24.8900
8.9591612817e-01 2.2764835709e+00 3.5378578162e+00
30 18 24
5 0 41 -9.3100 18.7400 1 41 -8.9500 5.0200 2 40 -13.4500 -6.2600 3 58 -25.0900 -10.4500 4 59 8.9000 -18.4900
8.9671201162e-01 2.2762277665e+00 3.5340896963e+00
30 18 24
4 0 42 -9.3100 18.7400 1 42 -8.9500 5.0200 2 41 -13.4500 -6.2600 3 59 -25.0900 -10.4500
2.5642005926e-01 2.3168829681e+00 2.9714213602e+00
97 102 132
9 0 43 -117.1600 20.8300 1 43 -116.7300 6.2500 2 64 -123.9900 -6.4500 3 57 -141.6300 -13.3900 4 84 -114.6300 -25.9400 5 82 -121.7500 -35.8700 6 130 -122.3400 -22.8000 7 112 -147.0900 -32.6900 8 103 -143.0200 -22.8200
1.3031440777e+00 1.9501820075e+00 3.4378698833e+00
23 20 58
6 0 46 54.9600 -37.6900 1 50 56.1400 -50.9700 2 48 53.5700 -62.4300 3 34 44.8400 -69.2700 4 36 80.6100 -80.8800 5 63 79.7600 -85.4400
1.2825775286e+00 1.9843170664e+00 3.4845300868e+00
185 144 116
11 0 47 52.2400 -31.2800 1 51 53.4000 -44.4600 2 51 50.6900 -55.9900 3 72 42.1300 -62.5800 4 63 78.1100 -73.7700 5 65 76.8700 -77.0900 6 57 77.1900 -56.1500 7 54 55.6000 -61.9600 8 51 64.8100 -39.5000 9 48 54.8400 -21.6800 10 51 96.3500 -21.0800
1.0343039709e+00 2.0052343584e+00 3.2772963679e+00
80 47 19
7 0 48 10.4700 -30.8300 1 214 11.9200 -42.6800 2 74 7.7400 -55.2900 3 96 -2.9100 -62.4500 4 98 30.0000 -75.0400 5 101 26.8000 -81.1500 6 107 26.7500 -63.3500
7.1598594737e-01 1.9903695289e+00 3.3739379591e+00
150 135 129
19 0 49 -40.2400 -29.4600 1 52 -39.4700 -43.5500 2 52 -44.2000 -56.1700 3 71 -57.6600 -63.5700 4 64 -25.7100 -73.9900 5 44 -31.1000 -79.0800 6 53 -32.8200 -58.5500 7 52 -56.7000 -64.7300 8 48 -51.0600 -47.5900 67 72 -50.0800 -44.9200 68 74 -81.3500 -36.6600 69 65 -106.1600 -46.0600 9 30 -70.9600 -30.4800 10 45 -45.3900 -36.4300 66 88 -62.1100 -49.4800 65 143 -57.0600 -49.2100 63 135 -57.5200 -25.0500 64 80 -66.4800 -30.8200 62 90 -45.9200 -20.8900
8.0690096170e-01 2.0061809371e+00 3.3539279857e+00
167 134 21
22 0 50 -25.1200 -27.0800 1 55 -24.1600 -41.0200 2 30 -28.5900 -53.2100 3 37 -41.4600 -60.7900 4 38 -9.1300 -71.7000 5 46 -14.1900 -77.1100 6 55 -15.5600 -57.7900 7 30 -38.7300 -64.6000 8 28 -32.4700 -46.5700 67 51 -30.9600 -44.8500 68 49 -62.6900 -34.9400 69 67 -87.1900 -41.9400 9 28 -51.1400 -30.8900 10 32 -23.7500 -36.5300 66 64 -43.6500 -51.8700 11 36 -28.5600 -55.1500 12 42 -9.7200 -46.0700 13 44 -1.1000 -26.6700 65 68 -38.9800 -53.0700 63 57 -42.3900 -29.3900 64 59 -50.4400 -34.5500 62 59 -31.6400 -25.4500
6.8809992101e-01 2.0225846983e+00 3.2973816573e+00
94 69 45
7 0 51 -45.0400 -25.1200 1 57 -44.0900 -39.2600 2 53 -49.0500 -51.7800 3 73 -63.0600 -59.2300 4 39 -31.9600 -70.3400 5 25 -37.9100 -75.9900 6 29 -40.1200 -57.1400
9.1244268899e-01 2.0458577299e+00 3.3282087131e+00
35 20 22
13 0 52 -8.2500 -21.5900 1 58 -7.5300 -35.5200 2 55 -11.7100 -47.3300 3 41 -23.5500 -54.8100 4 40 8.8500 -66.1300 5 48 4.8600 -71.4900 6 58 3.9900 -52.7000 7 56 -18.5700 -59.8300 8 50 -11.7600 -41.9800 67 52 -8.8800 -41.8100 68 52 -41.1600 -29.7800 69 40 -67.0800 -33.8600 66 65 -20.3100 -51.1100
7.1955290786e-01 2.0342179668e+00 3.4061094571e+00
146 129 109
13 0 53 -39.6000 -21.8400 1 82 -38.5900 -35.9200 2 77 -43.4300 -48.4500 3 76 -56.9400 -55.2400 4 69 -24.6800 -65.5500 5 68 -30.0700 -69.6900 6 73 -31.5400 -48.8100 7 78 -55.1100 -54.7500 8 52 -49.9300 -36.9300 67 76 -48.3700 -36.3400 69 68 -105.6700 -37.5800 9 49 -69.2500 -18.6500 10 76 -43.7900 -22.9300
8.7615914284e-01 2.0749530912e+00 3.3857198076e+00
157 136 115
13 0 54 -14.0800 -16.1200 1 59 -13.4400 -30.0400 2 56 -17.7600 -41.8600 3 77 -29.9400 -48.7700 4 70 3.0200 -59.5300 5 50 -0.7300 -63.9600 6 33 -0.6300 -43.9000 7 34 -23.0800 -50.5900 67 77 -16.6600 -34.6100 68 80 -48.9000 -23.6100 69 69 -75.4200 -29.0600 66 67 -28.4100 -43.3900 65 71 -24.1500 -45.2500
1.3146175989e+00 2.1224096278e+00 3.5290236012e+00
5 24 81
4 0 55 58.1000 -8.4600 1 61 58.8900 -21.5400 2 58 56.1300 -32.6900 3 47 47.9100 -37.5800
1.2220881132e+00 2.1609287409e+00 3.6398997267e+00
52 58 23
17 0 56 43.2800 -0.2600 1 64 43.7500 -13.2400 2 60 40.4200 -24.6100 3 78 32.4700 -28.7100 4 75 70.1300 -37.2000 5 79 67.7900 -37.3000 6 93 68.2800 -13.5200 7 90 46.5200 -17.9900 8 62 53.0400 6.8500 67 73 50.3000 -38.4100 68 82 19.4700 -19.8100 69 72 -9.1800 -16.5100 66 62 28.9500 -57.0400 65 93 21.9200 -62.3800 63 84 0.2200 -25.8300 64 61 -1.0200 -34.3200 62 92 5.9700 -18.8900
1.1256704890e+00 2.2131655906e+00 3.6460323640e+00
228 214 203
10 0 57 27.8300 9.0900 1 65 28.5600 -4.4400 2 36 25.2200 -15.7000 3 50 15.9600 -19.8800 4 82 53.0400 -28.2100 5 89 50.6100 -28.2600 67 35 32.4800 -22.4800 68 28 0.8400 -6.4000 69 26 -28.0100 -5.5600 66 40 12.4700 -37.5300
1.4376063612e+00 2.2922362147e+00 2.9537568281e+00
12 8 13
8 0 58 78.8200 10.0400 1 107 79.1800 -2.2400 2 61 75.5300 -12.8400 3 127 65.1300 -20.0300 67 54 114.4300 -13.4100 68 56 72.4400 6.2200 69 49 38.2900 15.5000 66 42 118.2100 -35.7800
9.3258432751e-01 2.2383232867e+00 3.4978408983e+00
237 215 112
3 0 59 -3.9900 11.9000 1 66 -3.1500 -1.7200 2 62 -7.7700 -13.0900
8.2320079235e-01 2.2834980182e+00 3.2641766923e+00
24 27 29
2 0 60 -22.6000 16.6300 1 69 -21.9000 2.6200
1.0466509238e+00 2.2937353309e+00 3.5842182881e+00
29 63 141
3 0 61 15.2600 21.7000 1 44 15.8000 7.9500 2 43 11.7700 -2.8500
1.1649715956e+00 2.3381536489e+00 3.1722043602e+00
214 217 228
3 0 62 33.8700 22.8000 1 71 34.1900 9.6100 2 106 29.9200 -1.5900
2.4040514826e-01 2.3543089893e+00 2.9478170338e+00
238 233 221
6 0 64 -120.6100 26.5200 1 45 -120.1100 12.0600 2 44 -127.0900 0.0800 3 60 -144.7700 -7.2600 4 56 -118.1100 -20.2000 5 85 -125.0100 -30.7800
2.3967925600e-01 2.3563389127e+00 2.9238073101e+00
238 233 221
9 0 65 -120.6100 26.5200 1 46 -120.1100 12.0600 2 45 -127.0900 0.0800 3 61 -144.7700 -7.2600 4 57 -118.1100 -20.2000 5 86 -125.0100 -30.7800 6 135 -125.7500 -18.8700 7 116 -150.0300 -29.0900 8 105 -146.5900 -19.8500
4.2723882881e-01 2.3657965080e+00 3.0861976638e+00
249 236 227
3 0 66 -88.5200 29.5700 1 47 -88.2900 15.1500 2 68 -94.3900 3.5200
1.1058438088e+00 2.4160984440e+00 2.8957765366e+00
244 232 98
4 0 67 23.3400 32.1600 1 72 23.8300 19.0200 2 69 19.0100 8.2300 3 86 7.0800 0.5900
1.1058438088e+00 2.4160984440e+00 2.8957765366e+00
244 232 98
4 0 68 23.3400 32.1600 1 73 23.8300 19.0200 2 70 19.0100 8.2300 3 87 7.0800 0.5900
1.0465350801e+00 2.4984567580e+00 2.8777359298e+00
165 116 42
3 0 70 14.1200 46.2200 1 74 14.1900 32.2600 2 112 8.9600 21.7000
9.7457033874e-01 2.3257871833e+00 5.2174610312e+00
218 218 193
2 0 71 9.2100 47.3200 1 75 8.9600 33.4300
3.0281885289e-01 2.6164408948e+00 2.5872014416e+00
43 6 0
8 0 72 -112.1000 65.8800 1 119 -111.0300 50.8000 2 71 -118.2900 39.7600 3 368 -134.4100 30.6600 4 144 -114.8600 15.0700 5 137 -119.8900 0.4100 6 227 -116.9600 6.4900 7 383 -137.6100 -7.4600
1.0709005770e+00 1.8721929169e+00 3.4403666513e+00
54 35 38
3 0 74 16.4900 -48.5900 1 76 17.7700 -62.3300 4 91 39.5800 -94.8800
1.3916799015e+00 2.0462500472e+00 3.2446885911e+00
240 232 224
13 0 76 69.9400 -25.7300 1 81 71.0000 -38.3800 2 76 68.1600 -49.6400 3 97 59.3300 -56.8600 4 101 93.3900 -70.1600 67 46 88.5700 -63.2500 68 46 53.3100 -42.0300 69 41 26.3400 -33.3600 66 33 78.3000 -86.3600 65 39 81.0800 -99.4900 63 35 58.9100 -73.6200 64 33 57.9500 -78.1700 62 38 66.5600 -71.1600
1.1208873716e+00 2.0061584545e+00 3.5582257827e+00
25 26 16
21 0 77 25.9500 -25.9400 1 80 26.9700 -39.3600 2 75 23.7800 -51.3000 3 75 14.1800 -57.2600 4 67 50.1600 -67.4400 5 67 47.6500 -69.6100 6 76 47.6000 -46.8100 7 82 25.7100 -51.6700 8 56 33.2200 -29.2700 67 67 24.6900 -63.4700 68 72 -4.4500 -46.9800 69 64 -28.0900 -45.5500 9 56 22.5100 -8.5600 10 54 62.8000 -7.3600 66 82 3.0500 -78.9900 11 80 64.8000 -29.0300 12 71 82.4100 -18.8900 13 104 89.2300 -0.1800 63 78 -19.1600 -47.6300 64 77 -21.8600 -56.4000 62 82 -12.3300 -41.8400
7.5530780398e-01 2.0402241376e+00 3.4061769491e+00
23 12 28
22 0 78 -33.9500 -21.1200 1 83 -33.2600 -35.2100 2 78 -38.1700 -47.5500 4 104 -18.3300 -64.1300 5 69 -23.6400 -68.7800 6 75 -24.7400 -48.0200 7 81 -47.6800 -53.4600 8 53 -42.6500 -35.9600 67 74 -41.9200 -37.4100 68 78 -73.7100 -28.5400 69 38 -99.3900 -37.2100 9 50 -61.1300 -17.5000 10 50 -35.0800 -21.9600 66 69 -54.4300 -43.2300 11 58 -38.1900 -39.7400 12 67 -18.2900 -31.3900 13 69 -7.6400 -11.9700 14 85 -24.7600 -17.6200 65 73 -49.5900 -43.3300 63 90 -50.9800 -19.2100 64 62 -59.7300 -24.7100 62 94 -40.1700 -15.1600
1.4315468022e+00 2.0868601939e+00 3.1940900517e+00
228 215 203
10 0 79 76.3300 -19.8900 1 85 77.3600 -32.4500 2 80 74.5600 -43.6000 3 101 65.7900 -50.7500 4 103 99.6100 -64.1400 67 68 99.1500 -56.8600 68 75 62.7800 -35.2300 69 96 34.4100 -25.7200 66 59 91.8800 -81.1000 65 61 96.7400 -95.6100
1.3568469903e+00 2.0818183038e+00 3.2256543076e+00
218 212 196
4 0 80 64.3400 -19.8200 1 86 65.2900 -32.5800 2 79 62.1400 -43.8100 3 100 52.8700 -50.8300
1.4589396743e+00 2.1139112687e+00 3.2037715087e+00
224 207 197
4 0 82 81.2400 -15.4900 1 87 82.2000 -27.9200 2 84 79.3600 -38.8100 3 103 70.5400 -45.8500
1.4590917927e+00 2.1173033263e+00 3.1705879014e+00
224 207 197
5 0 83 81.2400 -15.4900 1 88 82.2000 -27.9200 2 85 79.3600 -38.8100 3 104 70.5400 -45.8500 4 165 103.9500 -59.5100
1.3461437357e+00 2.1152075395e+00 3.3460387730e+00
200 202 220
4 0 84 62.7500 -12.4900 1 89 63.5300 -25.3500 2 87 60.9000 -36.0500 3 170 52.2600 -43.0200
1.4583679084e+00 2.1482301492e+00 3.1004591550e+00
111 104 88
14 0 85 80.8300 -11.2500 1 93 82.1600 -23.5900 2 88 78.7200 -34.4300 3 107 69.7300 -41.6200 4 109 101.8500 -55.4800 5 171 100.3300 -63.1100 6 176 102.2400 -48.6400 7 154 81.5100 -59.0900 8 279 90.7800 -38.9700 67 49 109.1800 -44.7200 65 42 114.5000 -85.1500 63 49 92.6200 -65.1800 64 52 90.7000 -67.4800 62 49 102.2100 -64.2200
1.4546254486e+00 2.1488465057e+00 3.1155188571e+00
111 104 88
9 0 86 80.8300 -11.2500 1 94 82.1600 -23.5900 2 89 78.7200 -34.4300 3 108 69.7300 -41.6200 4 110 101.8500 -55.4800 5 172 100.3300 -63.1100 6 177 102.2400 -48.6400 7 155 81.5100 -59.0900 8 280 90.7800 -38.9700
8.3489639606e-01 2.1004160001e+00 3.4206288197e+00
63 51 37
21 0 87 -20.6600 -10.8700 1 92 -20.0300 -24.9000 2 86 -24.4400 -36.8000 3 106 -36.8200 -43.2400 4 112 -3.7800 -53.4800 5 71 -8.1000 -57.3800 6 78 -8.8700 -36.8400 7 83 -31.8800 -43.0100 8 70 -26.1600 -24.1200 67 122 -24.7900 -28.2800 68 115 -57.3400 -18.0000 69 100 -84.2500 -24.3500 9 58 -43.1100 -5.8500 10 79 -15.9300 -7.7500 66 128 -37.0200 -35.7500 11 83 -19.5600 -25.1500 12 72 -1.9200 -15.8500 65 148 -33.4700 -37.0000 63 143 -37.1700 -13.6100 64 133 -45.0500 -18.5800 62 136 -26.5600 -9.4500
1.4549209117e+00 2.1815478452e+00 3.0665315359e+00
229 208 189
8 0 88 80.7900 -6.4800 1 98 81.8600 -18.6500 2 95 78.4200 -29.4000 3 114 69.0300 -36.5700 4 113 101.5200 -50.7300 69 73 39.5200 -6.6800 66 61 109.1500 -61.4900 64 54 96.0700 -60.2900
1.4886653443e+00 2.1826019236e+00 3.0320440430e+00
119 103 99
10 0 89 86.5700 -6.1900 1 97 87.2500 -18.6100 2 94 83.9400 -29.2600 67 53 117.7100 -38.3300 69 75 46.3200 -6.0000 66 60 117.1400 -63.3400 65 62 127.9500 -79.7300 63 50 106.3800 -61.8200 64 53 104.2400 -63.2000 62 52 116.7200 -61.2800
1.0913303735e+00 2.1227736249e+00 3.6494896671e+00
8 16 69
11 0 90 21.9000 -5.8400 1 95 22.6900 -19.2500 2 92 19.2600 -30.8100 3 115 9.7000 -35.4200 4 123 46.7800 -43.8300 5 74 43.7600 -43.9700 6 89 43.5400 -19.3900 8 75 28.1700 0.3700 9 61 17.1500 24.4100 10 63 55.6000 29.9700 11 64 59.7300 9.3600
1.0914998604e+00 2.1189397043e+00 3.6618156878e+00
8 16 69
10 0 91 21.9000 -5.8400 1 96 22.6900 -19.2500 2 93 19.2600 -30.8100 3 116 9.7000 -35.4200 4 124 46.7800 -43.8300 5 75 43.7600 -43.9700 6 90 43.5400 -19.3900 7 89 21.6500 -23.3900 8 76 28.1700 0.3700 69 98 -35.0000 -24.4000
2.8456498393e-01 -4.2974787074e-02 3.3067025296e+00
0 0 255
0
1.1586565993e+00 2.1450629913e+00 3.5043234688e+00
158 144 95
2 0 93 32.9700 -4.3100 1 154 32.9400 -17.5500
8.8776851870e-01 2.1645242163e+00 3.4668789774e+00
167 151 150
4 0 95 -11.6200 -0.3900 1 100 -10.9000 -14.0400 2 96 -15.6200 -25.6800 3 118 -27.0100 -31.2800
1.1556819119e+00 2.1566515353e+00 3.6546556878e+00
3 17 39
20 0 96 32.1200 0.2500 1 101 32.8900 -13.1500 2 147 30.1800 -24.3600 3 176 21.0500 -28.7100 4 128 57.9000 -36.9000 5 80 55.4500 -36.9400 7 121 33.9400 -16.5300 8 77 40.2500 8.0800 67 75 35.6500 -36.0600 9 100 30.7200 31.7300 10 120 70.7900 37.4200 66 121 13.9200 -52.6500 11 136 73.9900 16.5600 12 187 91.0100 26.1900 13 300 98.3000 44.2100 14 431 67.3000 35.7800 65 96 6.4200 -56.5700 63 138 -12.0800 -20.5700 64 129 -14.1900 -29.1800 62 133 -6.0700 -13.6000
1.0922237063e+00 2.1746843867e+00 3.7191989596e+00
158 144 119
5 0 97 22.6200 3.8300 1 102 23.1700 -9.5000 2 150 19.8800 -20.8800 3 121 10.3500 -24.6400 4 200 47.7200 -32.3100
1.4578927812e+00 2.2610386983e+00 2.9724769633e+00
219 217 223
13 0 98 81.7900 4.9400 1 104 82.2300 -7.3500 2 98 78.9000 -17.9800 3 119 68.5700 -25.3700 4 127 100.5800 -39.8400 5 116 98.1400 -48.9700 6 118 99.6100 -36.3500 7 102 77.6700 -47.9100 67 128 117.1600 -21.2800 68 127 75.2300 -0.8900 69 186 42.5200 9.0300 66 124 120.5000 -44.9700 65 94 133.4200 -60.2000
1.4090929797e+00 2.2923314422e+00 2.8317112745e+00
204 194 191
2 0 99 73.7400 8.7600 1 106 74.2700 -3.5500
1.5082193760e+00 2.3044002139e+00 2.9159712423e+00
166 134 130
5 0 103 90.4300 10.8800 1 108 90.8700 -1.1300 3 128 77.8200 -18.8200 4 198 109.2400 -34.0000 66 38 134.3000 -38.2600
1.2081970296e+00 2.2451112484e+00 3.6017873233e+00
9 57 151
15 0 106 41.6000 12.9600 1 109 42.0800 -0.2000 2 101 38.6300 -11.2300 3 130 29.9400 -15.1200 4 133 66.3200 -24.0200 5 212 64.4300 -24.6700 6 370 65.5800 -2.0200 67 37 52.5100 -19.0300 68 54 19.1100 -1.5700 69 46 -11.1500 1.4100 66 43 34.8200 -36.5300 65 47 29.6900 -42.0700 63 63 9.2000 -10.0300 64 64 7.7200 -17.3200 62 65 15.3900 -3.8000
9.5025620099e-01 2.3075042360e+00 3.4157554949e+00
174 71 37
3 0 108 -1.4200 21.5800 1 110 -0.3000 8.5900 2 105 -4.8200 -2.5100
1.0998677272e+00 2.2869698246e+00 3.7663426584e+00
192 194 229
3 0 109 24.1700 22.5400 1 113 24.9700 9.3100 2 107 21.5900 -1.5100
4.7329312873e-01 2.2949642450e+00 3.4780862601e+00
245 235 219
4 0 110 -79.1900 23.1000 1 111 -78.9000 8.7300 2 103 -85.0000 -3.0800 3 81 -98.0400 -7.9400
4.7329312873e-01 2.2949642450e+00 3.4780862601e+00
245 235 219
4 0 111 -79.1900 23.1000 1 112 -78.9000 8.7300 2 104 -85.0000 -3.0800 3 82 -98.0400 -7.9400
4.5229583304e-01 2.3185704484e+00 3.2883602591e+00
152 127 90
3 0 112 -83.1200 25.1000 1 114 -82.8300 10.4300 2 168 -89.3600 -2.7600
4.5160539906e-01 2.3207982053e+00 3.3024485703e+00
152 127 90
2 0 113 -83.1200 25.1000 1 115 -82.8300 10.4300
1.0671035484e+00 2.4262494948e+00 2.8792160555e+00
241 223 109
4 0 115 17.0100 33.7400 1 117 17.2900 20.6200 2 111 12.3900 9.7500 3 138 0.1300 2.1700
4.9604414631e-01 2.6241372269e+00 2.5474672520e+00
73 70 50
3 0 117 -80.0200 65.4900 1 120 -79.5500 51.4100 3 370 -102.4400 31.0300
1.2127422060e+00 1.9375185082e+00 3.4838277650e+00
43 10 3
19 0 122 40.2500 -38.6100 1 126 41.5400 -51.9800 2 120 38.5200 -63.9800 3 146 29.7900 -70.8400 4 149 65.4500 -81.9300 5 151 63.5700 -85.6700 6 163 64.0900 -64.6800 7 138 42.2000 -70.7000 8 86 51.4400 -48.7900 68 154 12.8300 -61.6500 69 139 -9.8600 -57.5000 9 108 41.0200 -30.8400 10 91 82.6300 -31.8200 66 167 21.0900 -98.6300 11 150 80.9100 -52.6000 12 136 95.5000 -40.6700 13 233 99.0100 -21.1500 14 332 66.7100 -22.6100 63 183 -2.9500 -70.0200
4.1278066095e-01 -2.7787363897e-01 3.2741138018e+00
0 0 255
0
1.0318173393e+00 1.8609136224e+00 4.2687289420e+00
78 48 14
3 0 124 12.5800 -36.6600 1 204 14.5800 -52.1700 2 208 11.6800 -65.7100
1.2594552080e+00 1.9706962174e+00 3.4841256368e+00
182 156 137
14 0 125 48.0700 -33.3700 1 128 49.0100 -46.6000 2 122 46.3600 -58.5000 3 148 37.9800 -65.1000 4 151 73.9700 -76.2800 5 102 72.1700 -79.6000 6 108 72.2600 -58.4800 7 97 50.9000 -64.6300 68 156 23.1400 -57.0400 69 142 -0.2400 -51.5500 10 95 91.6600 -23.8200 66 168 33.6300 -96.7400 11 109 88.7500 -44.5900 65 199 27.3000 -104.5300
9.0156277860e-01 1.9790332630e+00 3.2698383008e+00
149 104 40
4 0 126 -11.0000 -33.5900 1 77 -9.7600 -47.5800 4 95 6.1500 -79.5100 5 98 1.4700 -85.8100
1.3365324572e+00 1.9978351467e+00 3.3986460604e+00
142 101 54
4 0 127 60.5300 -30.3700 1 132 62.0200 -43.5600 2 73 59.5300 -55.6400 3 153 50.5600 -62.2200
1.1204671597e+00 1.9828205722e+00 3.5450836036e+00
165 140 121
15 0 128 25.5000 -29.9000 1 129 26.5500 -43.4700 2 125 23.4600 -55.4800 3 154 13.9500 -61.7700 4 153 49.7500 -71.8900 5 105 47.3900 -74.5500 6 111 47.4100 -51.9600 67 173 24.2200 -68.1600 68 159 -4.8700 -51.2800 69 143 -28.0400 -50.0900 9 121 22.0000 -14.4700 10 106 62.6400 -14.3200 12 148 81.8600 -24.4000 13 246 88.8300 -5.0000 14 229 58.9700 -9.2000
7.5414418115e-01 1.9922396361e+00 3.3612135717e+00
22 34 46
16 0 130 -33.6100 -29.2200 1 130 -32.9200 -43.4300 2 123 -37.8900 -56.1300 3 152 -51.0100 -63.3700 4 152 -18.8600 -74.1500 5 103 -23.8700 -79.1000 7 75 -48.7000 -65.9400 8 87 -43.1900 -48.2900 10 74 -35.7500 -37.8400 66 198 -54.4100 -51.0300 11 75 -39.8600 -56.6700 12 59 -20.1500 -48.7100 13 92 -10.4000 -29.5300 14 116 -27.5300 -34.4800 15 192 -29.3100 -41.2700 62 198 -40.1100 -23.3400
7.5560683795e-01 1.9942613443e+00 3.3561886373e+00
22 34 46
7 0 131 -33.6100 -29.2200 1 131 -32.9200 -43.4300 2 124 -37.8900 -56.1300 7 76 -48.7000 -65.9400 8 88 -43.1900 -48.2900 10 75 -35.7500 -37.8400 11 76 -39.8600 -56.6700
8.5626826754e-01 2.0130966330e+00 3.3372992793e+00
153 130 31
18 0 132 -16.9900 -26.1300 1 218 -16.6500 -40.3000 2 127 -20.6800 -52.3900 3 244 -33.0100 -59.7700 4 154 -0.7300 -71.1300 5 162 -5.3900 -76.6700 6 166 -6.3400 -57.4800 69 147 -77.8700 -40.0500 9 109 -40.2200 -31.2000 10 89 -12.5600 -36.4500 66 197 -32.6000 -53.3700 11 149 -17.8200 -54.8600 12 134 -0.9800 -45.6400 13 226 5.9600 -26.4600 14 324 -15.3800 -30.4300 65 239 -28.0700 -55.6200 63 393 -33.2800 -31.9000 64 214 -40.3600 -36.9900
1.4141248092e+00 2.0669518185e+00 3.2052690091e+00
71 60 47
8 0 133 73.0500 -22.4500 1 135 74.5000 -35.1400 2 228 71.6000 -46.2900 3 159 63.1500 -53.6900 69 154 30.9900 -28.9700 65 86 90.2800 -97.2100 63 116 68.4500 -72.8700 62 115 76.2700 -70.4600
1.0867594539e+00 2.0244676897e+00 3.5898607618e+00
15 22 58
11 0 134 20.6300 -22.0100 1 134 21.5000 -35.3900 3 98 8.3400 -53.2600 4 107 44.5700 -62.3700 5 108 41.5300 -64.7100 6 116 41.4900 -41.6000 7 103 19.2800 -46.1400 8 101 26.7500 -23.4500 68 164 -10.7200 -42.4300 9 87 15.7200 -1.3400 11 84 58.3200 -19.6900
7.8121443992e-01 2.0349655817e+00 3.3849312670e+00
157 137 57
21 0 135 -29.4300 -22.1200 1 225 -29.0100 -36.1400 2 128 -33.0500 -48.5000 3 157 -46.1900 -55.5600 4 159 -13.8200 -66.0700 5 167 -18.7400 -70.5200 6 112 -19.9100 -50.2900 7 100 -43.3700 -56.6300 8 93 -37.5500 -38.6300 67 196 -36.2700 -38.8900 68 178 -67.8900 -29.4600 69 151 -93.3800 -37.2100 9 117 -56.0800 -21.2200 10 93 -29.2000 -25.8300 66 204 -48.0500 -45.0600 11 111 -33.2100 -44.2000 12 92 -14.0600 -35.6600 14 125 -22.7900 -21.9200 63 221 -46.4700 -21.8200 64 223 -54.8300 -27.1900 62 204 -35.4900 -17.7400
1.3844522502e+00 2.0775793794e+00 3.1940137077e+00
56 46 44
8 0 136 68.7500 -21.2300 1 138 69.9400 -33.9300 3 161 57.7000 -52.2900 4 160 91.1700 -65.6800 5 164 89.5100 -72.6500 6 167 91.1100 -56.6500 7 141 69.6900 -66.0400 8 269 79.2300 -45.5000
1.3846696817e+00 2.0760327872e+00 3.2024352854e+00
56 46 44
13 0 137 68.7500 -21.2300 1 139 69.9400 -33.9300 2 231 66.7000 -45.0600 3 162 57.7000 -52.2900 4 161 91.1700 -65.6800 5 165 89.5100 -72.6500 6 168 91.1100 -56.6500 67 103 89.2800 -56.5600 68 101 53.5800 -35.9500 69 94 25.6500 -27.3700 66 81 81.4600 -79.5900 64 73 62.9200 -72.6600 62 79 72.6600 -66.6500
1.4590544356e+00 2.0847750603e+00 3.1873986179e+00
123 94 44
8 0 140 81.9400 -20.5400 1 84 83.5400 -32.4300 2 130 79.3000 -44.4300 3 99 71.2600 -50.9900 4 102 104.8800 -64.5400 5 163 102.7100 -73.0200 68 170 67.0900 -37.1200 69 159 38.7900 -26.6300
1.2896952835e+00 2.0708575003e+00 3.5534523599e+00
5 8 53
6 0 141 53.8700 -16.3400 1 143 54.9100 -29.6600 2 133 52.1200 -40.9600 3 168 44.2100 -45.8600 4 169 80.1800 -56.3500 7 105 57.7700 -40.9500
7.0454557494e-01 2.0689033468e+00 3.4452398353e+00
146 126 120
11 0 142 -41.7300 -15.8900 1 144 -40.9400 -29.7500 2 132 -46.0500 -42.2400 3 102 -59.1900 -48.5900 4 108 -26.4600 -58.2600 5 112 -31.7900 -61.7900 6 117 -33.2400 -40.4300 10 78 -45.7900 -10.5600 11 81 -48.3800 -28.5100 12 70 -27.4100 -20.7500 13 71 -15.6900 -1.5600
1.2894858548e+00 2.1013069282e+00 3.5696890723e+00
179 170 177
19 0 146 54.0600 -11.5800 1 91 55.0600 -24.9900 2 251 51.8400 -34.9900 3 110 43.9600 -41.4200 4 115 80.8600 -51.0700 5 186 79.0500 -50.9500 6 196 79.7300 -27.9900 7 344 57.6900 -32.7500 8 186 66.2900 -8.8000 67 107 63.6800 -53.6100 68 174 32.1300 -33.2100 69 93 5.6800 -27.9100 9 94 57.5500 8.6500 10 115 98.0400 11.5200 11 279 96.0300 -4.8800 12 467 108.5500 6.1200 65 124 36.5900 -82.1800 63 203 13.4600 -44.6700 62 187 18.6600 -38.3800
1.1734396896e+00 2.1028231636e+00 3.6191864752e+00
45 46 60
5 0 147 34.9200 -9.6500 1 148 35.7600 -22.7700 2 91 32.8300 -33.7400 67 116 38.2500 -47.3900 68 105 8.0000 -29.6700
8.4052522058e-01 2.1251188857e+00 3.4328561942e+00
169 152 141
20 0 148 -19.5700 -6.7900 1 150 -18.9900 -20.6900 2 138 -23.5800 -32.6100 3 111 -35.7300 -38.6900 4 116 -2.4300 -48.6200 5 115 -6.9900 -52.3100 6 120 -7.8300 -31.5200 7 108 -30.4500 -37.4800 8 71 -25.3100 -18.4100 67 127 -22.7600 -23.8100 68 194 -55.0700 -13.2000 69 102 -83.0600 -19.5100 9 88 -42.0500 0.2400 10 110 -15.0000 -1.0700 66 130 -34.6100 -31.5100 11 85 -18.5300 -18.1800 12 103 -1.2900 -8.8400 63 145 -36.1700 -9.3300 64 134 -43.7500 -14.3200 62 140 -25.8900 -4.9500
7.8575767037e-01 2.1306262959e+00 3.4551302761e+00
74 42 41
13 0 149 -28.4200 -5.4200 1 152 -27.8900 -19.2400 2 140 -32.4300 -31.2700 3 112 -44.9700 -36.8900 4 119 -11.7900 -46.6500 8 107 -35.5400 -14.8200 67 129 -34.0800 -20.8700 68 118 -66.4400 -11.1300 69 103 -94.3800 -18.9600 66 131 -46.3200 -26.9900 65 155 -42.6500 -27.5200 64 138 -53.7100 -8.9300 62 223 -34.8400 0.4400
7.8611206345e-01 2.1307411985e+00 3.4552602670e+00
74 42 41
16 0 150 -28.4200 -5.4200 1 153 -27.8900 -19.2400 2 142 -32.4300 -31.2700 3 113 -44.9700 -36.8900 4 121 -11.7900 -46.6500 5 190 -16.3600 -49.8800 6 122 -17.6200 -28.5100 8 109 -35.5400 -14.8200 67 131 -34.0800 -20.8700 68 120 -66.4400 -11.1300 69 104 -94.3800 -18.9600 66 132 -46.3200 -26.9900 65 156 -42.6500 -27.5200 63 236 -45.4500 -4.2500 64 139 -53.7100 -8.9300 62 224 -34.8400 0.4400
1.3060942492e+00 2.1445047952e+00 3.5881069834e+00
180 169 171
14 0 151 56.9400 -4.1200 1 155 57.8000 -16.9900 2 146 54.9600 -28.2200 3 174 46.8800 -32.6300 4 182 84.0900 -41.8500 6 209 83.2600 -20.0100 7 117 61.6800 -24.5700 8 118 69.7100 -0.1500 67 190 68.4700 -45.5900 68 182 36.4600 -25.4600 69 163 8.7600 -19.4200 9 142 60.9100 20.7800 10 186 100.9600 25.6900 11 474 99.1800 3.5700
7.3071478513e-01 2.1565250165e+00 3.3421010982e+00
100 95 86
3 0 152 -37.8900 -2.7000 1 259 -37.4100 -16.4900 2 145 -42.3000 -28.6900
6.9476654099e-01 2.1444354761e+00 3.5131082949e+00
28 11 21
11 0 153 -43.5600 -1.9300 1 156 -42.9500 -15.7400 3 289 -61.3200 -33.8500 4 305 -27.8500 -42.8000 5 193 -33.0000 -44.9700 6 204 -34.4800 -22.6000 7 194 -57.5800 -27.3800 8 331 -53.5200 -8.4200 9 137 -72.0600 13.7000 10 116 -47.3300 14.2900 11 89 -49.2300 -1.8000
7.8227790900e-01 2.1541300149e+00 3.4803489649e+00
143 123 127
18 0 154 -29.7700 -1.3300 1 158 -29.3600 -15.5000 2 259 -33.8900 -27.1900 4 184 -13.3300 -41.9800 5 194 -17.7900 -44.6800 6 203 -18.5100 -23.0800 8 112 -36.6700 -8.7800 67 209 -35.6200 -16.4200 9 136 -54.0800 11.6900 10 176 -27.4300 11.8800 11 178 -29.7800 -4.6700 12 104 -10.5900 4.2000 13 279 -0.3000 23.4800 14 259 -18.3700 15.6500 65 264 -43.9300 -22.8400 63 243 -46.0700 0.4800 64 244 -55.2200 -4.2600 62 231 -35.6200 5.1600
1.5714830961e+00 2.2490930186e+00 2.9704791133e+00
206 188 163
7 0 155 101.1300 2.7100 1 162 101.7500 -9.3300 2 273 98.0800 -19.8300 3 180 88.6500 -27.3000 4 181 120.4900 -42.2500 5 185 119.0300 -51.7000 69 116 63.4000 7.8000
1.3451159381e+00 2.2058766190e+00 3.4703941786e+00
117 83 82
4 0 157 63.6600 4.1200 1 163 63.7900 -8.9900 2 276 61.0000 -19.4300 3 183 52.9400 -24.3500
9.7781224911e-01 2.2305928123e+00 3.1599495640e+00
56 7 0
4 0 160 2.1600 5.6700 1 164 2.9400 -7.8500 2 151 -1.6000 -19.0600 3 182 -13.6200 -26.0200
1.1699803837e+00 2.2068757327e+00 3.6596167022e+00
33 58 92
6 0 162 35.0600 7.9800 1 277 36.0000 -5.3200 2 154 32.4200 -16.3800 3 302 23.6900 -20.3800 4 202 60.2700 -28.4700 69 109 -18.7300 -7.2600
1.0359432455e+00 2.2281303643e+00 3.4005012998e+00
70 41 35
3 0 163 12.7200 8.4400 1 105 13.3000 -5.0800 2 99 9.0400 -16.3500
1.4687050708e+00 2.3133982117e+00 2.9127694217e+00
192 161 146
6 0 164 84.0600 12.7200 1 171 84.8500 0.5600 2 159 80.7400 -9.7800 3 190 71.1300 -17.3200 4 321 101.5300 -32.2700 68 88 78.1400 10.2300
1.3016337652e+00 2.2708276409e+00 3.3387437544e+00
19 21 66
3 0 165 56.3500 13.2200 1 170 56.7700 0.2300 2 157 53.5500 -10.4800
1.4413372556e+00 2.3367179153e+00 2.9125556136e+00
74 50 32
