# Bundle file v0.3
70 961
-3.1753247839e+03 -2.1466390026e-03 -1.3651647150e-06
9.9929041637e-01 3.2763950928e-02 1.8579216318e-02
-3.4201087440e-02 9.9594628628e-01 8.3194233326e-02
-1.5778129716e-02 -8.3770629461e-02 9.9636014185e-01
-1.0329357373e+00 -2.2914074751e+00 1.6043719326e+01
-4.0025680672e+03 1.0320599309e-03 1.5390095308e-06
9.9966629130e-01 2.0757833295e-02 1.5375902940e-02
-2.1860193123e-02 9.9691489443e-01 7.5384515829e-02
-1.3763647443e-02 -7.5695479568e-02 9.9703598550e-01
-9.9363840776e-01 -2.3595498115e+00 2.1006260811e+01
5.7968128843e+05 4.5866890440e-07 0.0000000000e+00
9.9967431376e-01 1.0697120311e-02 2.3169765451e-02
-1.2392936977e-02 9.9715673418e-01 7.4329419370e-02
-2.2308776907e-02 -7.4592352743e-02 9.9696454269e-01
-1.0271208479e+00 -2.4306315480e+00 -3.4448982347e+03
1.0279557355e+06 6.0903766359e-08 0.0000000000e+00
9.9905379312e-01 7.4528600055e-03 4.2848259355e-02
-1.2066718834e-02 9.9402853514e-01 1.0845121313e-01
-4.1784120770e-02 -1.0886563374e-01 9.9317791006e-01
-1.1532568484e+00 -2.5735347604e+00 -5.8735746962e+03
1.7303139515e+05 -1.6886986242e-06 -1.8456173333e-17
9.9507462028e-01 7.4089737996e-03 9.8851439971e-02
-2.3646282272e-02 9.8615708398e-01 1.6411903924e-01
-9.6267094128e-02 -1.6564815971e-01 9.8147508057e-01
-1.1602138530e+00 -2.7974595085e+00 -9.6376164416e+02
9.8593813969e+05 -5.3081565456e-08 0.0000000000e+00
-9.9499795430e-01 -2.7930865170e-03 -9.9856244677e-02
2.6864137330e-02 -9.7026664998e-01 -2.4054302330e-01
-9.6215326527e-02 -2.4202236797e-01 9.6548836572e-01
1.1767309313e+00 3.0495007944e+00 5.3314004347e+03
3.3574252621e+03 3.3690310945e-03 5.1084804552e-06
9.9654878547e-01 8.6632126572e-03 8.2555841248e-02
-3.6356758933e-02 9.3962539771e-01 3.4026797977e-01
-7.4623751297e-02 -3.4209510479e-01 9.3669751522e-01
-1.1335013395e+00 -3.2198880777e+00 -2.0235485913e+01
2.4243810904e+03 2.4161924012e-02 1.1767793311e-04
9.9625416758e-01 1.7943526291e-02 8.4591154650e-02
-5.0777401393e-02 9.1321190058e-01 4.0430889200e-01
-6.9994921877e-02 -4.0708973766e-01 9.1070228747e-01
-1.2766411815e+00 -3.4120466943e+00 -1.4873442126e+01
1.9051495285e+03 1.6471746605e-02 8.2332201796e-05
9.9801867626e-01 -1.4597655779e-02 6.1201554554e-02
-1.4655803184e-02 8.9202104619e-01 4.5175619596e-01
-6.1187656166e-02 -4.5175807862e-01 8.9003972334e-01
-1.0980163905e+00 -3.4668607065e+00 -1.1721051558e+01
1.3736922602e+03 1.9459395343e-02 3.5675727305e-04
9.9142465763e-01 -3.1655914755e-02 1.2678742568e-01
-4.4434235769e-02 8.3074599490e-01 5.5487538299e-01
-1.2289323391e-01 -5.5575083897e-01 8.2221545719e-01
-1.3633866656e+00 -3.5982646574e+00 -8.1135672618e+00
1.0654838126e+03 -3.8558980022e-03 1.8080542488e-04
9.6532931614e-01 -1.3648591949e-01 2.2251046082e-01
-2.1841052229e-02 8.0719513397e-01 5.8988048293e-01
-2.6011974133e-01 -5.7428878579e-01 7.7622813057e-01
-1.3434338548e+00 -3.6993346855e+00 -5.8224941188e+00
7.1967425002e+02 -1.8459308094e-01 -7.3017871983e-03
9.1401126646e-01 -1.8910412559e-01 3.5891925899e-01
-3.1007850978e-02 8.4956366722e-01 5.2657391553e-01
-4.0450206176e-01 -4.9242380631e-01 7.7064705087e-01
-1.6970750384e+00 -3.6169436531e+00 -4.3136450182e+00
7.1732904406e+02 -1.5563651012e-01 -6.6753651419e-03
8.4254794990e-01 -2.6956484214e-01 4.6631292927e-01
-2.7588719923e-04 8.6553668840e-01 5.0084545014e-01
-5.3862127326e-01 -4.2211495700e-01 7.2918179288e-01
-1.7959722673e+00 -3.5434030939e+00 -4.1671381475e+00
6.5039530392e+02 -1.6691455463e-02 2.0211947846e-03
7.7289574535e-01 -3.0648625869e-01 5.5560628152e-01
1.8654589602e-02 8.8621107551e-01 4.6290596878e-01
-6.3425875880e-01 -3.4741344661e-01 6.9066614511e-01
-1.9540657631e+00 -3.3873291389e+00 -3.8222829279e+00
5.1559014781e+02 3.1034972658e-01 2.7657863488e-02
6.5904960769e-01 -3.6596439018e-01 6.5705683143e-01
5.3255677172e-02 8.9414495338e-01 4.4459940979e-01
-7.5021160179e-01 -2.5802106010e-01 6.0877556216e-01
-2.1922979707e+00 -3.3900064628e+00 -3.2356234158e+00
5.7478085088e+02 4.7798875033e-02 8.0120408009e-04
5.1825668332e-01 -4.3225929195e-01 7.3794438457e-01
8.1767541159e-02 8.8395712878e-01 4.6036275229e-01
-8.5130727673e-01 -1.7824617529e-01 4.9346146920e-01
-2.2656625133e+00 -3.4799042047e+00 -3.2074292237e+00
0 0 0
0 0 0
0 0 0
0 0 0
0 0 0
0 0 0
0 0 0
0 0 0
0 0 0
0 0 0
0 0 0
0 0 0
0 0 0
0 0 0
0 0 0
0 0 0
0 0 0
0 0 0
0 0 0
0 0 0
0 0 0
0 0 0
0 0 0
0 0 0
0 0 0
0 0 0
0 0 0
0 0 0
0 0 0
0 0 0
0 0 0
0 0 0
0 0 0
0 0 0
0 0 0
0 0 0
0 0 0
0 0 0
0 0 0
0 0 0
0 0 0
0 0 0
0 0 0
0 0 0
0 0 0
0 0 0
0 0 0
0 0 0
0 0 0
0 0 0
0 0 0
0 0 0
0 0 0
0 0 0
0 0 0
0 0 0
0 0 0
0 0 0
0 0 0
0 0 0
0 0 0
0 0 0
0 0 0
0 0 0
0 0 0
0 0 0
0 0 0
0 0 0
0 0 0
0 0 0
0 0 0
0 0 0
0 0 0
0 0 0
0 0 0
0 0 0
0 0 0
0 0 0
0 0 0
0 0 0
0 0 0
0 0 0
0 0 0
0 0 0
0 0 0
0 0 0
0 0 0
0 0 0
0 0 0
0 0 0
0 0 0
0 0 0
0 0 0
0 0 0
0 0 0
0 0 0
0 0 0
0 0 0
0 0 0
0 0 0
0 0 0
0 0 0
0 0 0
0 0 0
0 0 0
0 0 0
0 0 0
0 0 0
0 0 0
0 0 0
0 0 0
0 0 0
0 0 0
0 0 0
0 0 0
0 0 0
0 0 0
0 0 0
0 0 0
0 0 0
0 0 0
0 0 0
0 0 0
0 0 0
0 0 0
0 0 0
0 0 0
0 0 0
0 0 0
0 0 0
0 0 0
0 0 0
0 0 0
0 0 0
0 0 0
0 0 0
0 0 0
0 0 0
0 0 0
0 0 0
0 0 0
0 0 0
0 0 0
0 0 0
0 0 0
0 0 0
0 0 0
0 0 0
0 0 0
0 0 0
0 0 0
0 0 0
0 0 0
0 0 0
0 0 0
0 0 0
0 0 0
0 0 0
0 0 0
0 0 0
0 0 0
0 0 0
0 0 0
0 0 0
0 0 0
0 0 0
0 0 0
0 0 0
0 0 0
0 0 0
0 0 0
0 0 0
0 0 0
0 0 0
0 0 0
0 0 0
0 0 0
0 0 0
0 0 0
0 0 0
0 0 0
0 0 0
0 0 0
0 0 0
0 0 0
0 0 0
0 0 0
0 0 0
0 0 0
0 0 0
0 0 0
0 0 0
0 0 0
0 0 0
0 0 0
0 0 0
0 0 0
0 0 0
0 0 0
0 0 0
0 0 0
0 0 0
0 0 0
0 0 0
0 0 0
0 0 0
0 0 0
0 0 0
0 0 0
0 0 0
0 0 0
0 0 0
0 0 0
0 0 0
0 0 0
0 0 0
0 0 0
0 0 0
0 0 0
0 0 0
0 0 0
0 0 0
0 0 0
0 0 0
0 0 0
0 0 0
0 0 0
0 0 0
0 0 0
0 0 0
0 0 0
0 0 0
0 0 0
0 0 0
0 0 0
0 0 0
0 0 0
0 0 0
0 0 0
0 0 0
0 0 0
0 0 0
0 0 0
0 0 0
0 0 0
0 0 0
0 0 0
0 0 0
0 0 0
0 0 0
1.5444922933e+03 3.9784895584e-02 4.7802564555e-04
8.9602662124e-01 2.9137234694e-01 -3.3502007324e-01
-3.2669956062e-01 9.4363670367e-01 -5.3077006060e-02
3.0067206575e-01 1.5700932113e-01 9.4071482499e-01
-2.4102304360e-01 -1.5748905911e+00 -1.0961185645e+01
3.2901414618e+03 -3.5651840380e-03 -6.2131901615e-06
9.6413268843e-01 2.0877229872e-01 -1.6389718234e-01
-2.2386967163e-01 9.7136298325e-01 -7.9601035703e-02
1.4258516478e-01 1.1343756895e-01 9.8326059045e-01
-6.8941031224e-01 -1.5875922697e+00 -1.9778903708e+01
1.6430163528e+05 -3.5415824928e-06 2.3826406816e-53
9.8745494488e-01 1.3793376507e-01 -7.6857063958e-02
-1.4309519768e-01 9.8748889899e-01 -6.6252839696e-02
6.6756993842e-02 7.6419570931e-02 9.9483845571e-01
-1.0457224967e+00 -1.6792546301e+00 -8.2521330272e+02
2.4653197555e+04 4.2514441023e-05 3.3710709706e-09
-9.9929453788e-01 -1.9620743070e-03 3.7504357498e-02
4.8633517992e-03 -9.9698634911e-01 7.7424592298e-02
3.7239419655e-02 7.7552369066e-02 9.9629255526e-01
1.0711230348e+00 1.8010152976e+00 1.2127014186e+02
6.6632326300e-01 2.0620450114e+00 3.8091258295e+00
62 32 36
5 0 2 -35.8100 9.8000 1 2 -36.7700 -4.9200 2 2 -42.6300 -17.3700 3 1 -54.8400 -21.1100 4 0 -18.8800 -27.7700
4.4976786224e-01 2.3459864428e+00 5.7780553583e+00
65 85 84
2 0 3 -58.6900 75.4500 1 4 -61.2100 60.5700
7.9321509169e-01 2.1002324933e+00 3.7409788297e+00
49 40 45
5 0 4 -16.8800 13.8900 1 3 -16.1900 -0.0700 2 3 -20.9700 -11.6100 3 2 -32.2700 -15.7600 4 4 2.7100 -23.7200
1.3394547375e+00 1.9593513660e+00 3.4241140134e+00
204 195 182
5 0 7 71.2200 -16.5500 1 5 72.2400 -28.8600 3 8 60.2800 -47.6000 4 15 94.8200 -60.2300 5 14 93.5400 -67.0200
1.1459294901e+00 1.9182790517e+00 3.7828893148e+00
159 144 138
11 0 8 39.9700 -16.2900 1 6 40.6700 -29.6800 2 8 37.7400 -40.6100 3 3 29.6500 -45.5600 4 9 65.1600 -55.5200 5 9 63.4300 -56.3500 6 10 64.1200 -33.1600 7 10 42.0500 -38.1700 67 7 42.7300 -60.9300 68 4 12.4400 -43.3400 69 5 -12.0500 -36.6200
3.3485078804e-01 2.1841837283e+00 3.1477563927e+00
214 208 207
6 0 9 -94.9100 22.5300 1 7 -94.5300 8.0900 2 9 -100.7500 -3.7000 3 4 -117.8100 -11.2700 4 10 -90.2200 -24.0500 5 10 -95.1800 -34.2800
8.1469717558e-01 2.5033814040e+00 3.2602177406e+00
72 87 83
3 0 10 -12.3400 74.1300 1 8 -11.7700 60.1200 2 10 -19.9900 50.6000
1.2210713572e+00 1.7823578144e+00 3.5760917604e+00
36 33 41
11 0 11 50.4300 -42.9500 1 9 51.8700 -56.1000 2 12 49.0900 -67.9900 3 6 40.8200 -74.9900 4 7 75.1800 -87.4700 5 7 73.6700 -91.5400 6 4 75.3000 -70.8200 7 5 54.2200 -76.9000 67 14 57.5500 -86.1200 68 12 26.8900 -66.2500 66 16 38.9300 -106.6700
1.2198364780e+00 1.7837233302e+00 3.5760686557e+00
36 33 41
14 0 12 50.4300 -42.9500 1 10 51.8700 -56.1000 2 13 49.0900 -67.9900 3 7 40.8200 -74.9900 4 8 75.1800 -87.4700 5 8 73.6700 -91.5400 6 5 75.3000 -70.8200 7 7 54.2200 -76.9000 8 7 64.1500 -55.1000 67 15 57.5500 -86.1200 68 13 26.8900 -66.2500 69 12 4.1200 -60.0000 9 3 51.8400 -40.3300 10 2 91.4700 -42.2600
1.1039334463e+00 1.7513776913e+00 3.5971890964e+00
49 53 59
8 0 13 31.7300 -46.8800 1 13 33.2200 -60.5700 2 16 29.9200 -72.4500 3 17 20.4200 -79.9300 4 13 56.8600 -91.6500 67 20 30.7200 -86.0600 68 17 1.4100 -69.1300 69 15 -19.8300 -66.4500
1.0010138070e+00 2.1571585606e+00 3.5029209732e+00
62 86 138
3 0 15 16.9800 18.4900 1 16 17.2800 5.0800 2 15 13.1600 -4.7100
1.1012887469e+00 2.1892598468e+00 3.4235248809e+00
213 215 227
3 0 16 33.5600 22.8100 1 17 33.8700 9.3500 2 18 29.6900 -1.4400
3.4458750026e-01 2.2696759181e+00 3.2826004002e+00
177 120 38
4 0 17 -91.6100 38.1800 1 18 -91.4500 23.8700 2 19 -97.7500 11.9400 3 13 -114.7800 6.2200
9.9607944560e-01 2.2988878848e+00 3.5514193884e+00
175 123 29
4 0 18 16.7100 43.2900 1 19 16.5500 29.6000 2 20 12.3800 18.9600 3 14 3.1500 13.9800
1.9587356745e-01 2.6629564931e+00 2.8872966423e+00
70 28 17
2 0 19 -118.3500 100.5100 1 20 -117.9300 86.3900
1.0763330701e+00 1.8013454670e+00 3.6422684992e+00
151 119 88
11 0 21 27.1000 -37.3000 1 22 28.1600 -50.9500 2 22 25.0300 -63.0900 3 26 15.5500 -69.9600 4 27 51.1300 -81.1100 5 24 48.7900 -84.4000 6 26 48.8200 -62.4600 7 18 26.9600 -68.4200 8 17 35.5300 -46.7700 9 19 24.3500 -28.3300 10 34 64.8600 -30.2100
1.2601956248e+00 1.8833419390e+00 3.6952822282e+00
13 29 82
2 0 22 57.9400 -24.5900 1 23 59.0800 -37.6900
1.2474360348e+00 1.9203224195e+00 3.7017897787e+00
2 31 102
5 0 23 56.4500 -18.8300 1 24 57.3700 -31.5900 2 23 54.7200 -43.1900 3 27 46.3100 -48.5800 4 30 82.9900 -58.3800
1.3693429046e+00 1.9652736922e+00 3.3580316360e+00
209 198 196
10 0 24 76.2200 -16.8900 1 25 77.5700 -29.6400 2 24 74.2200 -40.3400 3 28 65.5700 -47.7900 4 41 100.0100 -62.1800 5 49 98.6700 -69.4900 67 16 100.3000 -51.4700 68 20 63.1200 -30.0900 69 17 33.9000 -20.5100 66 18 94.0100 -75.4900
9.3414038629e-01 2.0640541804e+00 3.4069823414e+00
88 23 19
3 0 25 5.2300 2.7900 1 26 5.0400 -10.1900 3 19 -9.5300 -29.4000
8.5048218859e-01 2.0747785199e+00 3.4813233333e+00
20 13 31
4 0 26 -8.5100 5.9700 1 27 -7.7500 -7.5900 2 25 -12.4500 -19.2300 3 29 -24.1000 -25.4000
8.5048218859e-01 2.0747785199e+00 3.4813233333e+00
20 13 31
4 0 27 -8.5100 5.9700 1 28 -7.7500 -7.5900 2 26 -12.4500 -19.2300 3 30 -24.1000 -25.4000
5.5856033436e-01 2.1205310963e+00 3.4188018176e+00
233 231 216
4 0 28 -56.3400 14.0400 1 29 -55.7100 -0.1100 2 27 -61.1300 -11.8900 3 10 -76.6300 -17.3300
5.6720708020e-01 2.1386817510e+00 3.1708059351e+00
233 231 216
3 0 29 -56.3400 14.0400 1 30 -55.7100 -0.1100 2 28 -61.1300 -11.8900
1.0030579578e+00 1.8657383984e+00 3.6108044452e+00
138 110 95
5 0 30 15.9100 -27.1600 1 54 16.9200 -40.9200 2 29 13.3600 -52.9700 3 40 3.1100 -59.4100 4 29 37.5300 -69.9900
1.0371741387e+00 1.9268127538e+00 3.7556043875e+00
6 27 89
7 0 31 22.2000 -15.4700 1 33 23.0100 -29.1100 2 31 19.6300 -40.5300 3 45 10.0100 -46.3700 4 44 46.5000 -55.2400 5 31 43.6500 -56.0600 6 36 43.5500 -32.6000
9.9944581315e-01 1.9311491303e+00 3.6834760493e+00
130 111 95
5 0 32 16.0500 -15.9700 1 60 16.8700 -29.3900 3 42 3.1800 -46.4400 4 31 38.1400 -55.9500 5 28 35.0000 -58.4400
9.6409961440e-01 1.9623774160e+00 3.4729060805e+00
59 27 11
5 0 33 8.9900 -12.5800 1 34 9.9000 -26.0600 2 32 6.1000 -37.9400 3 46 -4.3700 -45.4500 4 42 29.6100 -58.1300
6.1052194708e-01 2.0711950522e+00 3.1105708520e+00
155 117 77
3 0 34 -49.6300 1.3200 1 35 -49.1000 -11.9600 2 33 -54.2700 -23.9700
1.4421243111e+00 2.1169917041e+00 3.2172555369e+00
23 19 18
14 0 35 89.4700 5.2500 1 36 89.9600 -6.6800 2 35 86.6000 -17.2700 3 48 76.7400 -24.3700 4 47 108.5900 -39.1100 5 51 106.9800 -48.2700 6 60 109.6000 -35.8700 7 58 88.2700 -47.2300 8 57 97.9200 -27.9200 67 23 125.8200 -22.2400 68 31 83.5900 -1.0500 69 28 49.7000 9.9200 9 79 82.9200 -22.1200 66 26 129.2000 -46.8200
1.2438918792e+00 2.0727967283e+00 3.7078827995e+00
185 162 121
4 0 36 56.9500 6.1800 1 37 56.9000 -6.6700 2 34 54.2000 -17.5800 3 49 46.2500 -21.8000
1.1167404130e+00 2.0968816129e+00 3.7553288133e+00
18 71 167
6 0 37 36.1800 11.6000 1 38 36.4700 -1.6200 2 37 33.4300 -12.6800 3 54 24.2000 -16.6800 4 54 61.0100 -25.3600 5 90 58.0400 -26.0100
1.6968847572e-01 2.1309695559e+00 3.1825284963e+00
238 234 226
10 0 39 -122.3100 14.8700 1 39 -121.6900 0.2600 2 38 -128.7700 -11.8200 3 51 -146.9300 -19.3300 4 51 -119.6400 -31.1000 5 54 -126.9600 -40.0400 6 61 -127.7100 -25.8200 7 60 -152.5100 -34.9500 8 58 -148.8200 -24.8900 67 39 -116.4800 34.3900
1.6583833678e-01 2.1318714507e+00 3.1880620459e+00
238 234 226
9 0 40 -122.3100 14.8700 1 40 -121.6900 0.2600 2 39 -128.7700 -11.8200 3 52 -146.9300 -19.3300 4 52 -119.6400 -31.1000 5 55 -126.9600 -40.0400 6 62 -127.7100 -25.8200 7 61 -152.5100 -34.9500 8 59 -148.8200 -24.8900
8.3746002212e-01 2.1385751547e+00 3.6746358982e+00
30 18 24
5 0 41 -9.3100 18.7400 1 41 -8.9500 5.0200 2 40 -13.4500 -6.2600 3 58 -25.0900 -10.4500 4 59 8.9000 -18.4900
8.3834395766e-01 2.1380524830e+00 3.6722083063e+00
30 18 24
4 0 42 -9.3100 18.7400 1 42 -8.9500 5.0200 2 41 -13.4500 -6.2600 3 59 -25.0900 -10.4500
1.9701093473e-01 2.1709177066e+00 3.1327618094e+00
97 102 132
9 0 43 -117.1600 20.8300 1 43 -116.7300 6.2500 2 64 -123.9900 -6.4500 3 57 -141.6300 -13.3900 4 84 -114.6300 -25.9400 5 82 -121.7500 -35.8700 6 130 -122.3400 -22.8000 7 112 -147.0900 -32.6900 8 103 -143.0200 -22.8200
1.2448495978e+00 1.8111402909e+00 3.6008009114e+00
23 20 58
6 0 46 54.9600 -37.6900 1 50 56.1400 -50.9700 2 48 53.5700 -62.4300 3 34 44.8400 -69.2700 4 36 80.6100 -80.8800 5 63 79.7600 -85.4400
1.2251162366e+00 1.8463456206e+00 3.6392641146e+00
185 144 116
11 0 47 52.2400 -31.2800 1 51 53.4000 -44.4600 2 51 50.6900 -55.9900 3 72 42.1300 -62.5800 4 63 78.1100 -73.7700 5 65 76.8700 -77.0900 6 57 77.1900 -56.1500 7 54 55.6000 -61.9600 8 51 64.8100 -39.5000 9 48 54.8400 -21.6800 10 51 96.3500 -21.0800
9.7581392446e-01 1.8638278908e+00 3.4433750528e+00
80 47 19
7 0 48 10.4700 -30.8300 1 214 11.9200 -42.6800 2 74 7.7400 -55.2900 3 96 -2.9100 -62.4500 4 98 30.0000 -75.0400 5 101 26.8000 -81.1500 6 107 26.7500 -63.3500
6.5846512123e-01 1.8501750928e+00 3.5133632501e+00
150 135 129
15 0 49 -40.2400 -29.4600 1 52 -39.4700 -43.5500 2 52 -44.2000 -56.1700 3 71 -57.6600 -63.5700 4 64 -25.7100 -73.9900 5 44 -31.1000 -79.0800 6 53 -32.8200 -58.5500 7 52 -56.7000 -64.7300 8 48 -51.0600 -47.5900 67 72 -50.0800 -44.9200 68 74 -81.3500 -36.6600 69 65 -106.1600 -46.0600 9 30 -70.9600 -30.4800 10 45 -45.3900 -36.4300 66 88 -62.1100 -49.4800
7.5101775636e-01 1.8673732098e+00 3.4912897017e+00
167 134 21
18 0 50 -25.1200 -27.0800 1 55 -24.1600 -41.0200 2 30 -28.5900 -53.2100 3 37 -41.4600 -60.7900 4 38 -9.1300 -71.7000 5 46 -14.1900 -77.1100 6 55 -15.5600 -57.7900 7 30 -38.7300 -64.6000 8 28 -32.4700 -46.5700 67 51 -30.9600 -44.8500 68 49 -62.6900 -34.9400 69 67 -87.1900 -41.9400 9 28 -51.1400 -30.8900 10 32 -23.7500 -36.5300 66 64 -43.6500 -51.8700 11 36 -28.5600 -55.1500 12 42 -9.7200 -46.0700 13 44 -1.1000 -26.6700
6.3064282788e-01 1.8820171954e+00 3.4430786323e+00
94 69 45
7 0 51 -45.0400 -25.1200 1 57 -44.0900 -39.2600 2 53 -49.0500 -51.7800 3 73 -63.0600 -59.2300 4 39 -31.9600 -70.3400 5 25 -37.9100 -75.9900 6 29 -40.1200 -57.1400
8.5413196538e-01 1.9058540815e+00 3.4812370881e+00
35 20 22
13 0 52 -8.2500 -21.5900 1 58 -7.5300 -35.5200 2 55 -11.7100 -47.3300 3 41 -23.5500 -54.8100 4 40 8.8500 -66.1300 5 48 4.8600 -71.4900 6 58 3.9900 -52.7000 7 56 -18.5700 -59.8300 8 50 -11.7600 -41.9800 67 52 -8.8800 -41.8100 68 52 -41.1600 -29.7800 69 40 -67.0800 -33.8600 66 65 -20.3100 -51.1100
6.6203471297e-01 1.8948746068e+00 3.5441676186e+00
146 129 109
13 0 53 -39.6000 -21.8400 1 82 -38.5900 -35.9200 2 77 -43.4300 -48.4500 3 76 -56.9400 -55.2400 4 69 -24.6800 -65.5500 5 68 -30.0700 -69.6900 6 73 -31.5400 -48.8100 7 78 -55.1100 -54.7500 8 52 -49.9300 -36.9300 67 76 -48.3700 -36.3400 69 68 -105.6700 -37.5800 9 49 -69.2500 -18.6500 10 76 -43.7900 -22.9300
8.1825368335e-01 1.9353076858e+00 3.5325043449e+00
157 136 115
12 0 54 -14.0800 -16.1200 1 59 -13.4400 -30.0400 2 56 -17.7600 -41.8600 3 77 -29.9400 -48.7700 4 70 3.0200 -59.5300 5 50 -0.7300 -63.9600 6 33 -0.6300 -43.9000 7 34 -23.0800 -50.5900 67 77 -16.6600 -34.6100 68 80 -48.9000 -23.6100 69 69 -75.4200 -29.0600 66 67 -28.4100 -43.3900
1.2560861960e+00 1.9850935774e+00 3.6773764474e+00
5 24 81
4 0 55 58.1000 -8.4600 1 61 58.8900 -21.5400 2 58 56.1300 -32.6900 3 47 47.9100 -37.5800
1.1640788763e+00 2.0246348774e+00 3.7850859271e+00
52 58 23
13 0 56 43.2800 -0.2600 1 64 43.7500 -13.2400 2 60 40.4200 -24.6100 3 78 32.4700 -28.7100 4 75 70.1300 -37.2000 5 79 67.7900 -37.3000 6 93 68.2800 -13.5200 7 90 46.5200 -17.9900 8 62 53.0400 6.8500 67 73 50.3000 -38.4100 68 82 19.4700 -19.8100 69 72 -9.1800 -16.5100 66 62 28.9500 -57.0400
1.0684611366e+00 2.0770002380e+00 3.7809203194e+00
228 214 203
10 0 57 27.8300 9.0900 1 65 28.5600 -4.4400 2 36 25.2200 -15.7000 3 50 15.9600 -19.8800 4 82 53.0400 -28.2100 5 89 50.6100 -28.2600 67 35 32.4800 -22.4800 68 28 0.8400 -6.4000 69 26 -28.0100 -5.5600 66 40 12.4700 -37.5300
1.3763152857e+00 2.1432010859e+00 3.1758646097e+00
12 8 13
8 0 58 78.8200 10.0400 1 107 79.1800 -2.2400 2 61 75.5300 -12.8400 3 127 65.1300 -20.0300 67 54 114.4300 -13.4100 68 56 72.4400 6.2200 69 49 38.2900 15.5000 66 42 118.2100 -35.7800
8.7359758166e-01 2.0976695870e+00 3.6672758622e+00
237 215 112
3 0 59 -3.9900 11.9000 1 66 -3.1500 -1.7200 2 62 -7.7700 -13.0900
7.6337255496e-01 2.1414706851e+00 3.4231845955e+00
24 27 29
2 0 60 -22.6000 16.6300 1 69 -21.9000 2.6200
9.8809329088e-01 2.1558114542e+00 3.7300991420e+00
29 63 141
3 0 61 15.2600 21.7000 1 44 15.8000 7.9500 2 43 11.7700 -2.8500
1.1034670843e+00 2.1925929557e+00 3.3821963435e+00
214 217 228
3 0 62 33.8700 22.8000 1 71 34.1900 9.6100 2 106 29.9200 -1.5900
1.8057047523e-01 2.2074346102e+00 3.1141397208e+00
238 233 221
6 0 64 -120.6100 26.5200 1 45 -120.1100 12.0600 2 44 -127.0900 0.0800 3 60 -144.7700 -7.2600 4 56 -118.1100 -20.2000 5 85 -125.0100 -30.7800
1.7994651579e-01 2.2095996761e+00 3.0893413653e+00
238 233 221
9 0 65 -120.6100 26.5200 1 46 -120.1100 12.0600 2 45 -127.0900 0.0800 3 61 -144.7700 -7.2600 4 57 -118.1100 -20.2000 5 86 -125.0100 -30.7800 6 135 -125.7500 -18.8700 7 116 -150.0300 -29.0900 8 105 -146.5900 -19.8500
3.6754592548e-01 2.2208246135e+00 3.2467964595e+00
249 236 227
3 0 66 -88.5200 29.5700 1 47 -88.2900 15.1500 2 68 -94.3900 3.5200
1.0426993747e+00 2.2676042512e+00 3.1120227104e+00
244 232 98
4 0 67 23.3400 32.1600 1 72 23.8300 19.0200 2 69 19.0100 8.2300 3 86 7.0800 0.5900
1.0426993747e+00 2.2676042512e+00 3.1120227104e+00
244 232 98
4 0 68 23.3400 32.1600 1 73 23.8300 19.0200 2 70 19.0100 8.2300 3 87 7.0800 0.5900
9.8240415730e-01 2.3460218950e+00 3.1432486123e+00
165 116 42
3 0 70 14.1200 46.2200 1 74 14.1900 32.2600 2 112 8.9600 21.7000
9.2595316839e-01 2.2126220323e+00 5.1952196740e+00
218 218 193
2 0 71 9.2100 47.3200 1 75 8.9600 33.4300
2.3994942349e-01 2.4635840520e+00 2.7934134522e+00
43 6 0
8 0 72 -112.1000 65.8800 1 119 -111.0300 50.8000 2 71 -118.2900 39.7600 3 368 -134.4100 30.6600 4 144 -114.8600 15.0700 5 137 -119.8900 0.4100 6 227 -116.9600 6.4900 7 383 -137.6100 -7.4600
1.0132654308e+00 1.7330224728e+00 3.5953310592e+00
54 35 38
3 0 74 16.4900 -48.5900 1 76 17.7700 -62.3300 4 91 39.5800 -94.8800
1.3310194889e+00 1.9056096129e+00 3.4248661110e+00
240 232 224
9 0 76 69.9400 -25.7300 1 81 71.0000 -38.3800 2 76 68.1600 -49.6400 3 97 59.3300 -56.8600 4 101 93.3900 -70.1600 67 46 88.5700 -63.2500 68 46 53.3100 -42.0300 69 41 26.3400 -33.3600 66 33 78.3000 -86.3600
1.0638091104e+00 1.8672599659e+00 3.7041783929e+00
25 26 16
18 0 77 25.9500 -25.9400 1 80 26.9700 -39.3600 2 75 23.7800 -51.3000 3 75 14.1800 -57.2600 4 67 50.1600 -67.4400 5 67 47.6500 -69.6100 6 76 47.6000 -46.8100 7 82 25.7100 -51.6700 8 56 33.2200 -29.2700 67 67 24.6900 -63.4700 68 72 -4.4500 -46.9800 69 64 -28.0900 -45.5500 9 56 22.5100 -8.5600 10 54 62.8000 -7.3600 66 82 3.0500 -78.9900 11 80 64.8000 -29.0300 12 71 82.4100 -18.8900 13 104 89.2300 -0.1800
6.9616230112e-01 1.9006778664e+00 3.5476557804e+00
23 12 28
18 0 78 -33.9500 -21.1200 1 83 -33.2600 -35.2100 2 78 -38.1700 -47.5500 4 104 -18.3300 -64.1300 5 69 -23.6400 -68.7800 6 75 -24.7400 -48.0200 7 81 -47.6800 -53.4600 8 53 -42.6500 -35.9600 67 74 -41.9200 -37.4100 68 78 -73.7100 -28.5400 69 38 -99.3900 -37.2100 9 50 -61.1300 -17.5000 10 50 -35.0800 -21.9600 66 69 -54.4300 -43.2300 11 58 -38.1900 -39.7400 12 67 -18.2900 -31.3900 13 69 -7.6400 -11.9700 14 85 -24.7600 -17.6200
1.3704459819e+00 1.9441364692e+00 3.3865080358e+00
228 215 203
9 0 79 76.3300 -19.8900 1 85 77.3600 -32.4500 2 80 74.5600 -43.6000 3 101 65.7900 -50.7500 4 103 99.6100 -64.1400 67 68 99.1500 -56.8600 68 75 62.7800 -35.2300 69 96 34.4100 -25.7200 66 59 91.8800 -81.1000
1.2966019597e+00 1.9395893371e+00 3.4107299219e+00
218 212 196
4 0 80 64.3400 -19.8200 1 86 65.2900 -32.5800 2 79 62.1400 -43.8100 3 100 52.8700 -50.8300
1.3983165049e+00 1.9715795721e+00 3.3920194152e+00
224 207 197
4 0 82 81.2400 -15.4900 1 87 82.2000 -27.9200 2 84 79.3600 -38.8100 3 103 70.5400 -45.8500
1.3982564167e+00 1.9740236954e+00 3.3669669354e+00
224 207 197
5 0 83 81.2400 -15.4900 1 88 82.2000 -27.9200 2 85 79.3600 -38.8100 3 104 70.5400 -45.8500 4 165 103.9500 -59.5100
1.2864924774e+00 1.9748668240e+00 3.5171832063e+00
200 202 220
4 0 84 62.7500 -12.4900 1 89 63.5300 -25.3500 2 87 60.9000 -36.0500 3 170 52.2600 -43.0200
1.3942459848e+00 2.0048977514e+00 3.3148910959e+00
111 104 88
10 0 85 80.8300 -11.2500 1 93 82.1600 -23.5900 2 88 78.7200 -34.4300 3 107 69.7300 -41.6200 4 109 101.8500 -55.4800 5 171 100.3300 -63.1100 6 176 102.2400 -48.6400 7 154 81.5100 -59.0900 8 279 90.7800 -38.9700 67 49 109.1800 -44.7200
1.3935310340e+00 2.0048839738e+00 3.3160484633e+00
111 104 88
9 0 86 80.8300 -11.2500 1 94 82.1600 -23.5900 2 89 78.7200 -34.4300 3 108 69.7300 -41.6200 4 110 101.8500 -55.4800 5 172 100.3300 -63.1100 6 177 102.2400 -48.6400 7 155 81.5100 -59.0900 8 280 90.7800 -38.9700
7.7683286458e-01 1.9611702269e+00 3.5637581779e+00
63 51 37
17 0 87 -20.6600 -10.8700 1 92 -20.0300 -24.9000 2 86 -24.4400 -36.8000 3 106 -36.8200 -43.2400 4 112 -3.7800 -53.4800 5 71 -8.1000 -57.3800 6 78 -8.8700 -36.8400 7 83 -31.8800 -43.0100 8 70 -26.1600 -24.1200 67 122 -24.7900 -28.2800 68 115 -57.3400 -18.0000 69 100 -84.2500 -24.3500 9 58 -43.1100 -5.8500 10 79 -15.9300 -7.7500 66 128 -37.0200 -35.7500 11 83 -19.5600 -25.1500 12 72 -1.9200 -15.8500
1.3935016754e+00 2.0361603895e+00 3.2796538307e+00
229 208 189
7 0 88 80.7900 -6.4800 1 98 81.8600 -18.6500 2 95 78.4200 -29.4000 3 114 69.0300 -36.5700 4 113 101.5200 -50.7300 69 73 39.5200 -6.6800 66 61 109.1500 -61.4900
1.4275449235e+00 2.0376974906e+00 3.2611301481e+00
119 103 99
6 0 89 86.5700 -6.1900 1 97 87.2500 -18.6100 2 94 83.9400 -29.2600 67 53 117.7100 -38.3300 69 75 46.3200 -6.0000 66 60 117.1400 -63.3400
1.0324752434e+00 1.9850874690e+00 3.7942893342e+00
8 16 69
11 0 90 21.9000 -5.8400 1 95 22.6900 -19.2500 2 92 19.2600 -30.8100 3 115 9.7000 -35.4200 4 123 46.7800 -43.8300 5 74 43.7600 -43.9700 6 89 43.5400 -19.3900 8 75 28.1700 0.3700 9 61 17.1500 24.4100 10 63 55.6000 29.9700 11 64 59.7300 9.3600
1.0333333603e+00 1.9830976937e+00 3.7983909671e+00
8 16 69
10 0 91 21.9000 -5.8400 1 96 22.6900 -19.2500 2 93 19.2600 -30.8100 3 116 9.7000 -35.4200 4 124 46.7800 -43.8300 5 75 43.7600 -43.9700 6 90 43.5400 -19.3900 7 89 21.6500 -23.3900 8 76 28.1700 0.3700 69 98 -35.0000 -24.4000
2.8456498393e-01 -4.2974787074e-02 3.3067025296e+00
0 0 255
0
1.1000859879e+00 2.0069101378e+00 3.6534303555e+00
158 144 95
2 0 93 32.9700 -4.3100 1 154 32.9400 -17.5500
8.2947495402e-01 2.0254907464e+00 3.6120980824e+00
167 151 150
4 0 95 -11.6200 -0.3900 1 100 -10.9000 -14.0400 2 96 -15.6200 -25.6800 3 118 -27.0100 -31.2800
1.0978292514e+00 2.0192480668e+00 3.8025790828e+00
3 17 39
16 0 96 32.1200 0.2500 1 101 32.8900 -13.1500 2 147 30.1800 -24.3600 3 176 21.0500 -28.7100 4 128 57.9000 -36.9000 5 80 55.4500 -36.9400 7 121 33.9400 -16.5300 8 77 40.2500 8.0800 67 75 35.6500 -36.0600 9 100 30.7200 31.7300 10 120 70.7900 37.4200 66 121 13.9200 -52.6500 11 136 73.9900 16.5600 12 187 91.0100 26.1900 13 300 98.3000 44.2100 14 431 67.3000 35.7800
1.0347673877e+00 2.0398319003e+00 3.8445332262e+00
158 144 119
5 0 97 22.6200 3.8300 1 102 23.1700 -9.5000 2 150 19.8800 -20.8800 3 121 10.3500 -24.6400 4 200 47.7200 -32.3100
1.3957780270e+00 2.1125660578e+00 3.1951745734e+00
219 217 223
12 0 98 81.7900 4.9400 1 104 82.2300 -7.3500 2 98 78.9000 -17.9800 3 119 68.5700 -25.3700 4 127 100.5800 -39.8400 5 116 98.1400 -48.9700 6 118 99.6100 -36.3500 7 102 77.6700 -47.9100 67 128 117.1600 -21.2800 68 127 75.2300 -0.8900 69 186 42.5200 9.0300 66 124 120.5000 -44.9700
1.3455148021e+00 2.1441623454e+00 3.0540055803e+00
204 194 191
2 0 99 73.7400 8.7600 1 106 74.2700 -3.5500
1.4461759207e+00 2.1551438825e+00 3.1468132213e+00
166 134 130
5 0 103 90.4300 10.8800 1 108 90.8700 -1.1300 3 128 77.8200 -18.8200 4 198 109.2400 -34.0000 66 38 134.3000 -38.2600
1.1510455323e+00 2.1090922698e+00 3.7334179741e+00
9 57 151
11 0 106 41.6000 12.9600 1 109 42.0800 -0.2000 2 101 38.6300 -11.2300 3 130 29.9400 -15.1200 4 133 66.3200 -24.0200 5 212 64.4300 -24.6700 6 370 65.5800 -2.0200 67 37 52.5100 -19.0300 68 54 19.1100 -1.5700 69 46 -11.1500 1.4100 66 43 34.8200 -36.5300
8.8957474059e-01 2.1615052777e+00 3.6475159346e+00
174 71 37
3 0 108 -1.4200 21.5800 1 110 -0.3000 8.5900 2 105 -4.8200 -2.5100
1.0424523780e+00 2.1527021715e+00 3.8844103496e+00
192 194 229
3 0 109 24.1700 22.5400 1 113 24.9700 9.3100 2 107 21.5900 -1.5100
4.1558762938e-01 2.1554347890e+00 3.6095077811e+00
245 235 219
4 0 110 -79.1900 23.1000 1 111 -78.9000 8.7300 2 103 -85.0000 -3.0800 3 81 -98.0400 -7.9400
4.1558762938e-01 2.1554347890e+00 3.6095077811e+00
245 235 219
4 0 111 -79.1900 23.1000 1 112 -78.9000 8.7300 2 104 -85.0000 -3.0800 3 82 -98.0400 -7.9400
3.9351274769e-01 2.1760991130e+00 3.4387741314e+00
152 127 90
3 0 112 -83.1200 25.1000 1 114 -82.8300 10.4300 2 168 -89.3600 -2.7600
3.9281099885e-01 2.1783776676e+00 3.4529243706e+00
152 127 90
2 0 113 -83.1200 25.1000 1 115 -82.8300 10.4300
1.0039020548e+00 2.2774634548e+00 3.0957314534e+00
241 223 109
4 0 115 17.0100 33.7400 1 117 17.2900 20.6200 2 111 12.3900 9.7500 3 138 0.1300 2.1700
4.3131708810e-01 2.4691594773e+00 2.7808753249e+00
73 70 50
3 0 117 -80.0200 65.4900 1 120 -79.5500 51.4100 3 370 -102.4400 31.0300
1.1551957629e+00 1.7987841734e+00 3.6354709116e+00
43 10 3
18 0 122 40.2500 -38.6100 1 126 41.5400 -51.9800 2 120 38.5200 -63.9800 3 146 29.7900 -70.8400 4 149 65.4500 -81.9300 5 151 63.5700 -85.6700 6 163 64.0900 -64.6800 7 138 42.2000 -70.7000 8 86 51.4400 -48.7900 68 154 12.8300 -61.6500 69 139 -9.8600 -57.5000 9 108 41.0200 -30.8400 10 91 82.6300 -31.8200 66 167 21.0900 -98.6300 11 150 80.9100 -52.6000 12 136 95.5000 -40.6700 13 233 99.0100 -21.1500 14 332 66.7100 -22.6100
4.1278066095e-01 -2.7787363897e-01 3.2741138018e+00
0 0 255
0
9.7935991722e-01 1.7370549978e+00 4.3100365822e+00
78 48 14
3 0 124 12.5800 -36.6600 1 204 14.5800 -52.1700 2 208 11.6800 -65.7100
1.2013524234e+00 1.8321351235e+00 3.6389286502e+00
182 156 137
13 0 125 48.0700 -33.3700 1 128 49.0100 -46.6000 2 122 46.3600 -58.5000 3 148 37.9800 -65.1000 4 151 73.9700 -76.2800 5 102 72.1700 -79.6000 6 108 72.2600 -58.4800 7 97 50.9000 -64.6300 68 156 23.1400 -57.0400 69 142 -0.2400 -51.5500 10 95 91.6600 -23.8200 66 168 33.6300 -96.7400 11 109 88.7500 -44.5900
8.4330329614e-01 1.8374326747e+00 3.4316476060e+00
149 104 40
4 0 126 -11.0000 -33.5900 1 77 -9.7600 -47.5800 4 95 6.1500 -79.5100 5 98 1.4700 -85.8100
1.2776670912e+00 1.8584493207e+00 3.5644141729e+00
142 101 54
4 0 127 60.5300 -30.3700 1 132 62.0200 -43.5600 2 73 59.5300 -55.6400 3 153 50.5600 -62.2200
1.0629957945e+00 1.8446403952e+00 3.6917977557e+00
165 140 121
15 0 128 25.5000 -29.9000 1 129 26.5500 -43.4700 2 125 23.4600 -55.4800 3 154 13.9500 -61.7700 4 153 49.7500 -71.8900 5 105 47.3900 -74.5500 6 111 47.4100 -51.9600 67 173 24.2200 -68.1600 68 159 -4.8700 -51.2800 69 143 -28.0400 -50.0900 9 121 22.0000 -14.4700 10 106 62.6400 -14.3200 12 148 81.8600 -24.4000 13 246 88.8300 -5.0000 14 229 58.9700 -9.2000
6.9746233210e-01 1.8534806626e+00 3.4985791545e+00
22 34 46
15 0 130 -33.6100 -29.2200 1 130 -32.9200 -43.4300 2 123 -37.8900 -56.1300 3 152 -51.0100 -63.3700 4 152 -18.8600 -74.1500 5 103 -23.8700 -79.1000 7 75 -48.7000 -65.9400 8 87 -43.1900 -48.2900 10 74 -35.7500 -37.8400 66 198 -54.4100 -51.0300 11 75 -39.8600 -56.6700 12 59 -20.1500 -48.7100 13 92 -10.4000 -29.5300 14 116 -27.5300 -34.4800 15 192 -29.3100 -41.2700
6.9876569480e-01 1.8548410233e+00 3.4958671310e+00
22 34 46
7 0 131 -33.6100 -29.2200 1 131 -32.9200 -43.4300 2 124 -37.8900 -56.1300 7 76 -48.7000 -65.9400 8 88 -43.1900 -48.2900 10 75 -35.7500 -37.8400 11 76 -39.8600 -56.6700
8.0067363627e-01 1.8744664695e+00 3.4778443050e+00
153 130 31
15 0 132 -16.9900 -26.1300 1 218 -16.6500 -40.3000 2 127 -20.6800 -52.3900 3 244 -33.0100 -59.7700 4 154 -0.7300 -71.1300 5 162 -5.3900 -76.6700 6 166 -6.3400 -57.4800 69 147 -77.8700 -40.0500 9 109 -40.2200 -31.2000 10 89 -12.5600 -36.4500 66 197 -32.6000 -53.3700 11 149 -17.8200 -54.8600 12 134 -0.9800 -45.6400 13 226 5.9600 -26.4600 14 324 -15.3800 -30.4300
1.3529446394e+00 1.9277187915e+00 3.3842362766e+00
71 60 47
5 0 133 73.0500 -22.4500 1 135 74.5000 -35.1400 2 228 71.6000 -46.2900 3 159 63.1500 -53.6900 69 154 30.9900 -28.9700
1.0294484348e+00 1.8873334108e+00 3.7318894833e+00
15 22 58
11 0 134 20.6300 -22.0100 1 134 21.5000 -35.3900 3 98 8.3400 -53.2600 4 107 44.5700 -62.3700 5 108 41.5300 -64.7100 6 116 41.4900 -41.6000 7 103 19.2800 -46.1400 8 101 26.7500 -23.4500 68 164 -10.7200 -42.4300 9 87 15.7200 -1.3400 11 84 58.3200 -19.6900
7.2380416409e-01 1.8955951404e+00 3.5245598982e+00
157 137 57
18 0 135 -29.4300 -22.1200 1 225 -29.0100 -36.1400 2 128 -33.0500 -48.5000 3 157 -46.1900 -55.5600 4 159 -13.8200 -66.0700 5 167 -18.7400 -70.5200 6 112 -19.9100 -50.2900 7 100 -43.3700 -56.6300 8 93 -37.5500 -38.6300 67 196 -36.2700 -38.8900 68 178 -67.8900 -29.4600 69 151 -93.3800 -37.2100 9 117 -56.0800 -21.2200 10 93 -29.2000 -25.8300 66 204 -48.0500 -45.0600 11 111 -33.2100 -44.2000 12 92 -14.0600 -35.6600 14 125 -22.7900 -21.9200
1.3246154187e+00 1.9348642447e+00 3.3831380974e+00
56 46 44
8 0 136 68.7500 -21.2300 1 138 69.9400 -33.9300 3 161 57.7000 -52.2900 4 160 91.1700 -65.6800 5 164 89.5100 -72.6500 6 167 91.1100 -56.6500 7 141 69.6900 -66.0400 8 269 79.2300 -45.5000
1.3242553681e+00 1.9342391910e+00 3.3871877153e+00
56 46 44
11 0 137 68.7500 -21.2300 1 139 69.9400 -33.9300 2 231 66.7000 -45.0600 3 162 57.7000 -52.2900 4 161 91.1700 -65.6800 5 165 89.5100 -72.6500 6 168 91.1100 -56.6500 67 103 89.2800 -56.5600 68 101 53.5800 -35.9500 69 94 25.6500 -27.3700 66 81 81.4600 -79.5900
1.3981803981e+00 1.9409011025e+00 3.3874305722e+00
123 94 44
8 0 140 81.9400 -20.5400 1 84 83.5400 -32.4300 2 130 79.3000 -44.4300 3 99 71.2600 -50.9900 4 102 104.8800 -64.5400 5 163 102.7100 -73.0200 68 170 67.0900 -37.1200 69 159 38.7900 -26.6300
1.2312915032e+00 1.9332009414e+00 3.7074266672e+00
5 8 53
6 0 141 53.8700 -16.3400 1 143 54.9100 -29.6600 2 133 52.1200 -40.9600 3 168 44.2100 -45.8600 4 169 80.1800 -56.3500 7 105 57.7700 -40.9500
6.4703948899e-01 1.9302416603e+00 3.5799191641e+00
146 126 120
11 0 142 -41.7300 -15.8900 1 144 -40.9400 -29.7500 2 132 -46.0500 -42.2400 3 102 -59.1900 -48.5900 4 108 -26.4600 -58.2600 5 112 -31.7900 -61.7900 6 117 -33.2400 -40.4300 10 78 -45.7900 -10.5600 11 81 -48.3800 -28.5100 12 70 -27.4100 -20.7500 13 71 -15.6900 -1.5600
1.2312898184e+00 1.9646568713e+00 3.7223955989e+00
179 170 177
16 0 146 54.0600 -11.5800 1 91 55.0600 -24.9900 2 251 51.8400 -34.9900 3 110 43.9600 -41.4200 4 115 80.8600 -51.0700 5 186 79.0500 -50.9500 6 196 79.7300 -27.9900 7 344 57.6900 -32.7500 8 186 66.2900 -8.8000 67 107 63.6800 -53.6100 68 174 32.1300 -33.2100 69 93 5.6800 -27.9100 9 94 57.5500 8.6500 10 115 98.0400 11.5200 11 279 96.0300 -4.8800 12 467 108.5500 6.1200
1.1160943166e+00 1.9666522738e+00 3.7571191891e+00
45 46 60
5 0 147 34.9200 -9.6500 1 148 35.7600 -22.7700 2 91 32.8300 -33.7400 67 116 38.2500 -47.3900 68 105 8.0000 -29.6700
7.8256025493e-01 1.9868309146e+00 3.5743560896e+00
169 152 141
17 0 148 -19.5700 -6.7900 1 150 -18.9900 -20.6900 2 138 -23.5800 -32.6100 3 111 -35.7300 -38.6900 4 116 -2.4300 -48.6200 5 115 -6.9900 -52.3100 6 120 -7.8300 -31.5200 7 108 -30.4500 -37.4800 8 71 -25.3100 -18.4100 67 127 -22.7600 -23.8100 68 194 -55.0700 -13.2000 69 102 -83.0600 -19.5100 9 88 -42.0500 0.2400 10 110 -15.0000 -1.0700 66 130 -34.6100 -31.5100 11 85 -18.5300 -18.1800 12 103 -1.2900 -8.8400
7.2752990690e-01 1.9925864456e+00 3.5992274604e+00
74 42 41
10 0 149 -28.4200 -5.4200 1 152 -27.8900 -19.2400 2 140 -32.4300 -31.2700 3 112 -44.9700 -36.8900 4 119 -11.7900 -46.6500 8 107 -35.5400 -14.8200 67 129 -34.0800 -20.8700 68 118 -66.4400 -11.1300 69 103 -94.3800 -18.9600 66 131 -46.3200 -26.9900
7.2763007983e-01 1.9925765235e+00 3.5993637594e+00
74 42 41
12 0 150 -28.4200 -5.4200 1 153 -27.8900 -19.2400 2 142 -32.4300 -31.2700 3 113 -44.9700 -36.8900 4 121 -11.7900 -46.6500 5 190 -16.3600 -49.8800 6 122 -17.6200 -28.5100 8 109 -35.5400 -14.8200 67 131 -34.0800 -20.8700 68 120 -66.4400 -11.1300 69 104 -94.3800 -18.9600 66 132 -46.3200 -26.9900
1.2476067386e+00 2.0079219308e+00 3.7416519885e+00
180 169 171
14 0 151 56.9400 -4.1200 1 155 57.8000 -16.9900 2 146 54.9600 -28.2200 3 174 46.8800 -32.6300 4 182 84.0900 -41.8500 6 209 83.2600 -20.0100 7 117 61.6800 -24.5700 8 118 69.7100 -0.1500 67 190 68.4700 -45.5900 68 182 36.4600 -25.4600 69 163 8.7600 -19.4200 9 142 60.9100 20.7800 10 186 100.9600 25.6900 11 474 99.1800 3.5700
6.7178459193e-01 2.0145919751e+00 3.5068303245e+00
100 95 86
3 0 152 -37.8900 -2.7000 1 259 -37.4100 -16.4900 2 145 -42.3000 -28.6900
6.3562450329e-01 2.0056945333e+00 3.6481542876e+00
28 11 21
11 0 153 -43.5600 -1.9300 1 156 -42.9500 -15.7400 3 289 -61.3200 -33.8500 4 305 -27.8500 -42.8000 5 193 -33.0000 -44.9700 6 204 -34.4800 -22.6000 7 194 -57.5800 -27.3800 8 331 -53.5200 -8.4200 9 137 -72.0600 13.7000 10 116 -47.3300 14.2900 11 89 -49.2300 -1.8000
7.2071325819e-01 2.0144745707e+00 3.6253929262e+00
143 123 127
14 0 154 -29.7700 -1.3300 1 158 -29.3600 -15.5000 2 259 -33.8900 -27.1900 4 184 -13.3300 -41.9800 5 194 -17.7900 -44.6800 6 203 -18.5100 -23.0800 8 112 -36.6700 -8.7800 67 209 -35.6200 -16.4200 9 136 -54.0800 11.6900 10 176 -27.4300 11.8800 11 178 -29.7800 -4.6700 12 104 -10.5900 4.2000 13 279 -0.3000 23.4800 14 259 -18.3700 15.6500
1.5087993579e+00 2.1025281273e+00 3.1916194495e+00
206 188 163
7 0 155 101.1300 2.7100 1 162 101.7500 -9.3300 2 273 98.0800 -19.8300 3 180 88.6500 -27.3000 4 181 120.4900 -42.2500 5 185 119.0300 -51.7000 69 116 63.4000 7.8000
1.2858679560e+00 2.0675944903e+00 3.6252069853e+00
117 83 82
4 0 157 63.6600 4.1200 1 163 63.7900 -8.9900 2 276 61.0000 -19.4300 3 183 52.9400 -24.3500
9.1721727871e-01 2.0865001779e+00 3.3432600641e+00
56 7 0
4 0 160 2.1600 5.6700 1 164 2.9400 -7.8500 2 151 -1.6000 -19.0600 3 182 -13.6200 -26.0200
1.1122003479e+00 2.0711388076e+00 3.7927592125e+00
33 58 92
6 0 162 35.0600 7.9800 1 277 36.0000 -5.3200 2 154 32.4200 -16.3800 3 302 23.6900 -20.3800 4 202 60.2700 -28.4700 69 109 -18.7300 -7.2600
9.7648072345e-01 2.0869899705e+00 3.5714384786e+00
70 41 35
3 0 163 12.7200 8.4400 1 105 13.3000 -5.0800 2 99 9.0400 -16.3500
1.4056323427e+00 2.1633160515e+00 3.1551491006e+00
192 161 146
6 0 164 84.0600 12.7200 1 171 84.8500 0.5600 2 159 80.7400 -9.7800 3 190 71.1300 -17.3200 4 321 101.5300 -32.2700 68 88 78.1400 10.2300
1.2414011502e+00 2.1296119735e+00 3.5150173298e+00
19 21 66
3 0 165 56.3500 13.2200 1 170 56.7700 0.2300 2 157 53.5500 -10.4800
1.3785019213e+00 2.1889629631e+00 3.1355661906e+00
74 50 32
5 0 167 79.3200 17.3200 1 176 79.5300 4.9900 2 163 75.7700 -5.5800 3 315 65.3200 -13.0400 69 124 38.4700 26.0300
1.3779035507e+00 2.1881650989e+00 3.1462008991e+00
74 50 32
4 0 168 79.3200 17.3200 1 177 79.5300 4.9900 2 164 75.7700 -5.5800 3 316 65.3200 -13.0400
9.7377126912e-01 2.1420250226e+00 4.0394357198e+00
37 51 99
2 0 171 13.7800 23.0500 1 179 13.7700 9.5800
8.5185042233e-01 2.1382324347e+00 4.1052235710e+00
180 144 115
3 0 172 -5.6800 23.9300 1 180 -5.5600 10.2900 2 318 -9.6400 -0.7900
2.6263210738e-01 2.2125556799e+00 3.0792496263e+00
48 49 71
8 0 174 -108.0000 26.4100 1 182 -107.3700 12.1600 2 170 -114.0300 0.2700 3 200 -131.1500 -7.2100 4 212 -104.1000 -20.2500 5 205 -110.6900 -31.0300 7 350 -134.0900 -29.7300 68 148 -140.5500 51.3700
1.1388813904e+00 2.2434628294e+00 3.2738839356e+00
38 38 6
3 0 175 39.9300 29.3100 1 183 40.0200 16.6900 2 173 35.6200 5.7700
1.0771092336e+00 2.2637851836e+00 3.2774141530e+00
131 100 33
3 0 178 29.7000 33.2100 1 332 29.9300 20.1600 2 181 25.2600 9.3800
9.4846532092e-01 2.2566906846e+00 3.7344264758e+00
192 182 143
3 0 184 9.4000 38.2300 1 186 9.5600 24.6600 2 186 5.4100 14.1800
3.7660187418e-01 2.3215516260e+00 3.0341230031e+00
153 117 51
2 0 185 -88.1400 43.4500 1 338 -87.7400 29.7800
-4.9233792169e-01 2.9736075698e-01 2.7496525089e+00
0 0 255
0
9.2639874614e-01 2.4210181503e+00 3.3637242304e+00
141 113 57
3 0 187 5.7000 61.1700 1 345 5.5300 47.5500 2 192 0.6800 37.2000
8.6870772870e-01 2.3584207184e+00 4.3473331582e+00
227 222 214
2 0 188 -1.0900 61.3900 1 118 -1.4800 47.7300
4.3722674846e-01 2.4475540304e+00 2.7872953448e+00
166 129 54
2 0 189 -79.1700 61.8400 1 190 -78.5400 47.8000
-7.9112723247e-01 6.2798645364e-01 2.8802214969e+00
0 0 255
0
1.2324402021e+00 1.7535497888e+00 3.5533132196e+00
34 9 1
10 0 204 52.4000 -47.6500 1 196 53.8800 -60.6900 2 201 50.8000 -72.7300 3 227 42.7400 -80.4100 6 157 77.3400 -78.2800 7 135 55.9900 -85.5100 8 131 66.4700 -64.0000 67 277 57.2200 -91.9300 68 249 27.9200 -71.4600 69 237 5.9900 -65.0500
1.2514289017e+00 1.7851596685e+00 3.5724682744e+00
30 25 39
7 0 206 55.4900 -42.5800 1 200 56.7200 -55.2000 2 205 54.2200 -66.8900 4 242 81.3900 -86.4200 5 147 80.3000 -90.9700 6 259 81.1800 -71.3700 7 263 59.6600 -78.3500
1.0600362805e+00 1.7777905055e+00 3.6362144529e+00
174 137 113
13 0 208 24.6200 -41.1100 1 201 25.5800 -54.6000 2 206 22.6200 -66.8600 3 230 13.0300 -74.1300 4 243 47.9200 -85.4600 5 251 45.7600 -88.9800 8 139 31.8700 -52.2800 67 281 20.6400 -80.0500 68 256 -6.2700 -62.7700 69 239 -28.5700 -61.5200 9 176 20.9000 -33.6200 10 212 61.7300 -35.7300 11 369 62.1000 -57.3100
1.0863073779e+00 1.7982414108e+00 3.5308080960e+00
167 143 116
2 0 209 28.9000 -39.9200 1 203 30.3000 -53.2800
1.2091510813e+00 1.7993022761e+00 3.6138950453e+00
123 111 113
7 0 211 48.9400 -39.1600 1 125 50.6100 -52.3700 2 212 47.8500 -64.0100 4 148 74.9100 -82.7800 5 150 72.8000 -86.7600 67 280 53.4000 -82.3300 68 255 23.7600 -62.9900
1.1973113493e+00 1.8137500990e+00 3.6310806733e+00
37 8 5
15 0 213 47.1500 -36.7100 1 205 48.4500 -49.8400 2 214 45.6400 -61.7200 4 150 72.8600 -79.7000 5 152 71.1500 -83.3800 6 164 71.8900 -62.4200 8 143 59.8800 -46.2600 67 170 51.4100 -79.6600 68 155 21.4400 -60.0800 69 240 -1.0500 -54.6400 9 111 49.3000 -28.8000 10 154 91.0000 -29.0800 11 153 88.2700 -49.7300 12 228 101.6800 -37.3000 13 389 104.1900 -17.8100
1.2694464034e+00 1.8578319214e+00 3.3206259324e+00
141 110 78
2 0 215 59.0900 -34.5300 1 206 60.6900 -47.1500
1.0838414296e+00 1.8356188556e+00 3.6818691637e+00
89 72 64
