# Bundle file v0.3
70 555
-2.8737566021e+03 -2.2525985926e-03 -1.3670609715e-06
9.9920523285e-01 3.6930678329e-02 1.5000921446e-02
-3.7956574091e-02 9.9645249161e-01 7.5111453563e-02
-1.2173788621e-02 -7.5621141034e-02 9.9706230593e-01
-8.7950775690e-01 -1.9021222437e+00 1.4242318079e+01
-3.5879707925e+03 1.5126480958e-03 2.6818256608e-06
9.9961976707e-01 2.4953383952e-02 1.1732429817e-02
-2.5680635864e-02 9.9745082359e-01 6.6575967526e-02
-1.0041226104e-02 -6.6851949409e-02 9.9771237871e-01
-8.4455331731e-01 -1.9664038723e+00 1.8526933766e+01
5.7945262626e+05 5.2664456898e-07 -4.2781352062e-231
9.9972050157e-01 1.4261070464e-02 1.8855784633e-02
-1.5428842553e-02 9.9787460360e-01 6.3310554420e-02
-1.7912832338e-02 -6.3583782151e-02 9.9781573103e-01
-8.7796516685e-01 -2.0295911379e+00 -3.4445659741e+03
1.0279292874e+06 1.2331089434e-07 -2.5473837738e-232
9.9920889401e-01 1.0464728193e-02 3.8367637410e-02
-1.4171349766e-02 9.9512023429e-01 9.7646772333e-02
-3.7158565397e-02 -9.8113244595e-02 9.9448128804e-01
-1.0024445743e+00 -2.1730228271e+00 -5.8735647189e+03
1.7344576441e+05 -1.0359096994e-06 1.4364526485e-40
9.9471737087e-01 9.9845861458e-03 1.0216486741e-01
-2.6617933596e-02 9.8630476645e-01 1.6277098419e-01
-9.9140494775e-02 -1.6463054311e-01 9.8136025321e-01
-1.0311637631e+00 -2.4271476198e+00 -9.6574300352e+02
9.8570651544e+05 -1.0017345506e-07 -2.2073197215e-233
-9.9406483126e-01 -5.4746628832e-03 -1.0865145799e-01
3.3445154146e-02 -9.6574402088e-01 -2.5733229063e-01
-1.0352068838e-01 -2.5943884483e-01 9.6019526810e-01
1.0682836799e+00 2.7313335255e+00 5.3313704687e+03
3.3724036149e+03 3.2849304880e-03 5.5162724720e-06
9.9644638314e-01 1.0233788402e-02 8.3605472876e-02
-3.9062904399e-02 9.3554035109e-01 3.5105318826e-01
-7.4623689401e-02 -3.5307155233e-01 9.3261556062e-01
-9.9559753865e-01 -2.8891809078e+00 -2.0356599825e+01
2.5545109783e+03 1.9578856966e-02 8.6923441389e-05
9.9615101405e-01 1.9023825462e-02 8.5564310742e-02
-5.3059974207e-02 9.0786972081e-01 4.1588124408e-01
-6.9769594704e-02 -4.1882056313e-01 9.0538474670e-01
-1.1341962178e+00 -3.0888898837e+00 -1.5616652474e+01
1.9999269820e+03 1.1054541011e-02 4.8496304848e-05
9.9801460149e-01 -1.3938635216e-02 6.1421247612e-02
-1.6108107015e-02 8.8628281481e-01 4.6286423611e-01
-6.0888291964e-02 -4.6293464617e-01 8.8429866520e-01
-9.6557110293e-01 -3.1405045567e+00 -1.2276720841e+01
1.4359620989e+03 1.2366165827e-02 2.0876046182e-04
9.9153273047e-01 -3.1279507519e-02 1.2603347501e-01
-4.5915149288e-02 8.2341262589e-01 5.6558239593e-01
-1.2146869342e-01 -5.6658030316e-01 8.1500436599e-01
-1.2287488112e+00 -3.2849026840e+00 -8.5224651982e+00
1.1142470716e+03 -3.6935148904e-02 -3.8891366006e-04
9.6598547759e-01 -1.3790024921e-01 2.1875917889e-01
-2.2225676266e-02 7.9854454027e-01 6.0152525843e-01
-2.5763943098e-01 -5.8592673474e-01 7.6831750281e-01
-1.2287624924e+00 -3.3905966234e+00 -6.1535490183e+00
0 0 0
0 0 0
0 0 0
0 0 0
0 0 0
0 0 0
0 0 0
0 0 0
0 0 0
0 0 0
0 0 0
0 0 0
0 0 0
0 0 0
0 0 0
0 0 0
0 0 0
0 0 0
0 0 0
0 0 0
0 0 0
0 0 0
0 0 0
0 0 0
0 0 0
0 0 0
0 0 0
0 0 0
0 0 0
0 0 0
0 0 0
0 0 0
0 0 0
0 0 0
0 0 0
0 0 0
0 0 0
0 0 0
0 0 0
0 0 0
0 0 0
0 0 0
0 0 0
0 0 0
0 0 0
0 0 0
0 0 0
0 0 0
0 0 0
0 0 0
0 0 0
0 0 0
0 0 0
0 0 0
0 0 0
0 0 0
0 0 0
0 0 0
0 0 0
0 0 0
0 0 0
0 0 0
0 0 0
0 0 0
0 0 0
0 0 0
0 0 0
0 0 0
0 0 0
0 0 0
0 0 0
0 0 0
0 0 0
0 0 0
0 0 0
0 0 0
0 0 0
0 0 0
0 0 0
0 0 0
0 0 0
0 0 0
0 0 0
0 0 0
0 0 0
0 0 0
0 0 0
0 0 0
0 0 0
0 0 0
0 0 0
0 0 0
0 0 0
0 0 0
0 0 0
0 0 0
0 0 0
0 0 0
0 0 0
0 0 0
0 0 0
0 0 0
0 0 0
0 0 0
0 0 0
0 0 0
0 0 0
0 0 0
0 0 0
0 0 0
0 0 0
0 0 0
0 0 0
0 0 0
0 0 0
0 0 0
0 0 0
0 0 0
0 0 0
0 0 0
0 0 0
0 0 0
0 0 0
0 0 0
0 0 0
0 0 0
0 0 0
0 0 0
0 0 0
0 0 0
0 0 0
0 0 0
0 0 0
0 0 0
0 0 0
0 0 0
0 0 0
0 0 0
0 0 0
0 0 0
0 0 0
0 0 0
0 0 0
0 0 0
0 0 0
0 0 0
0 0 0
0 0 0
0 0 0
0 0 0
0 0 0
0 0 0
0 0 0
0 0 0
0 0 0
0 0 0
0 0 0
0 0 0
0 0 0
0 0 0
0 0 0
0 0 0
0 0 0
0 0 0
0 0 0
0 0 0
0 0 0
0 0 0
0 0 0
0 0 0
0 0 0
0 0 0
0 0 0
0 0 0
0 0 0
0 0 0
0 0 0
0 0 0
0 0 0
0 0 0
0 0 0
0 0 0
0 0 0
0 0 0
0 0 0
0 0 0
0 0 0
0 0 0
0 0 0
0 0 0
0 0 0
0 0 0
0 0 0
0 0 0
0 0 0
0 0 0
0 0 0
0 0 0
0 0 0
0 0 0
0 0 0
0 0 0
0 0 0
0 0 0
0 0 0
0 0 0
0 0 0
0 0 0
0 0 0
0 0 0
0 0 0
0 0 0
0 0 0
0 0 0
0 0 0
0 0 0
0 0 0
0 0 0
0 0 0
0 0 0
0 0 0
0 0 0
0 0 0
0 0 0
0 0 0
0 0 0
0 0 0
0 0 0
0 0 0
0 0 0
0 0 0
0 0 0
0 0 0
0 0 0
0 0 0
0 0 0
0 0 0
0 0 0
0 0 0
0 0 0
0 0 0
0 0 0
0 0 0
0 0 0
0 0 0
0 0 0
0 0 0
0 0 0
0 0 0
0 0 0
0 0 0
0 0 0
0 0 0
0 0 0
0 0 0
0 0 0
0 0 0
0 0 0
0 0 0
0 0 0
0 0 0
0 0 0
0 0 0
0 0 0
0 0 0
0 0 0
0 0 0
0 0 0
0 0 0
0 0 0
0 0 0
0 0 0
0 0 0
0 0 0
0 0 0
1.4912611026e+03 4.4098083191e-02 5.8355402588e-04
8.8958324266e-01 2.8552923958e-01 -3.5653149612e-01
-3.2925435833e-01 9.4184370856e-01 -6.7245789231e-02
3.1659630746e-01 1.7721027622e-01 9.3186012690e-01
4.5376103728e-02 -1.2305158466e+00 -1.0539376338e+01
3.1570991222e+03 -3.8817018005e-03 -7.3487393380e-06
9.6131219963e-01 2.0891205830e-01 -1.7953998649e-01
-2.2838212874e-01 9.6888221930e-01 -9.5440287079e-02
1.5401447374e-01 1.3275163661e-01 9.7911007801e-01
-4.4228008519e-01 -1.2136433447e+00 -1.9010709964e+01
1.6558229473e+05 -3.5485451778e-06 1.3772598450e-85
9.8616374445e-01 1.4003937751e-01 -8.8713256463e-02
-1.4738458353e-01 9.8563351263e-01 -8.2488564792e-02
7.5887111319e-02 9.4422198287e-02 9.9263568080e-01
-8.3103296237e-01 -1.2873232770e+00 -8.3133317877e+02
1.4071227266e+04 1.2135618738e-04 8.2718166117e-09
-9.9898037090e-01 -3.9726648882e-03 4.4971507546e-02
8.1484911341e-03 -9.9562749127e-01 9.3056438344e-02
4.4405187191e-02 9.3328005222e-02 9.9464469173e-01
9.1608469358e-01 1.3914778391e+00 6.7759363242e+01
5.3267100330e-01 1.7066181986e+00 3.7114317128e+00
62 32 36
5 0 2 -35.8100 9.8000 1 2 -36.7700 -4.9200 2 2 -42.6300 -17.3700 3 1 -54.8400 -21.1100 4 0 -18.8800 -27.7700
3.2062361723e-01 2.0159868435e+00 5.5690759594e+00
65 85 84
2 0 3 -58.6900 75.4500 1 4 -61.2100 60.5700
6.5923164564e-01 1.7443762832e+00 3.6460062004e+00
49 40 45
5 0 4 -16.8800 13.8900 1 3 -16.1900 -0.0700 2 3 -20.9700 -11.6100 3 2 -32.2700 -15.7600 4 4 2.7100 -23.7200
1.2041965941e+00 1.5996448006e+00 3.3626703988e+00
204 195 182
5 0 7 71.2200 -16.5500 1 5 72.2400 -28.8600 3 8 60.2800 -47.6000 4 15 94.8200 -60.2300 5 14 93.5400 -67.0200
1.0127290647e+00 1.5635643522e+00 3.6857319361e+00
159 144 138
11 0 8 39.9700 -16.2900 1 6 40.6700 -29.6800 2 8 37.7400 -40.6100 3 3 29.6500 -45.5600 4 9 65.1600 -55.5200 5 9 63.4300 -56.3500 6 10 64.1200 -33.1600 7 10 42.0500 -38.1700 67 7 42.7300 -60.9300 68 4 12.4400 -43.3400 69 5 -12.0500 -36.6200
1.9681240215e-01 1.8161874390e+00 3.1152289697e+00
214 208 207
6 0 9 -94.9100 22.5300 1 7 -94.5300 8.0900 2 9 -100.7500 -3.7000 3 4 -117.8100 -11.2700 4 10 -90.2200 -24.0500 5 10 -95.1800 -34.2800
6.7611429155e-01 2.1381636941e+00 3.2385044587e+00
72 87 83
3 0 10 -12.3400 74.1300 1 8 -11.7700 60.1200 2 10 -19.9900 50.6000
1.0872600313e+00 1.4253766161e+00 3.4914338194e+00
36 33 41
11 0 11 50.4300 -42.9500 1 9 51.8700 -56.1000 2 12 49.0900 -67.9900 3 6 40.8200 -74.9900 4 7 75.1800 -87.4700 5 7 73.6700 -91.5400 6 4 75.3000 -70.8200 7 5 54.2200 -76.9000 67 14 57.5500 -86.1200 68 12 26.8900 -66.2500 66 16 38.9300 -106.6700
1.0861726992e+00 1.4267521196e+00 3.4893971340e+00
36 33 41
14 0 12 50.4300 -42.9500 1 10 51.8700 -56.1000 2 13 49.0900 -67.9900 3 7 40.8200 -74.9900 4 8 75.1800 -87.4700 5 8 73.6700 -91.5400 6 5 75.3000 -70.8200 7 7 54.2200 -76.9000 8 7 64.1500 -55.1000 67 15 57.5500 -86.1200 68 13 26.8900 -66.2500 69 12 4.1200 -60.0000 9 3 51.8400 -40.3300 10 2 91.4700 -42.2600
9.7042016662e-01 1.3942975963e+00 3.5143686822e+00
49 53 59
8 0 13 31.7300 -46.8800 1 13 33.2200 -60.5700 2 16 29.9200 -72.4500 3 17 20.4200 -79.9300 4 13 56.8600 -91.6500 67 20 30.7200 -86.0600 68 17 1.4100 -69.1300 69 15 -19.8300 -66.4500
8.6630018620e-01 1.8028356734e+00 3.3575293936e+00
62 86 138
3 0 15 16.9800 18.4900 1 16 17.2800 5.0800 2 15 13.1600 -4.7100
9.6530734369e-01 1.8284616919e+00 3.3700313666e+00
213 215 227
3 0 16 33.5600 22.8100 1 17 33.8700 9.3500 2 18 29.6900 -1.4400
2.0728097809e-01 1.9047189849e+00 3.2289084459e+00
177 120 38
4 0 17 -91.6100 38.1800 1 18 -91.4500 23.8700 2 19 -97.7500 11.9400 3 13 -114.7800 6.2200
8.6032280632e-01 1.9402660851e+00 3.4768071858e+00
175 123 29
4 0 18 16.7100 43.2900 1 19 16.5500 29.6000 2 20 12.3800 18.9600 3 14 3.1500 13.9800
5.5977770024e-02 2.2921081714e+00 2.8545724007e+00
70 28 17
2 0 19 -118.3500 100.5100 1 20 -117.9300 86.3900
9.4302500747e-01 1.4448487049e+00 3.5525542599e+00
151 119 88
11 0 21 27.1000 -37.3000 1 22 28.1600 -50.9500 2 22 25.0300 -63.0900 3 26 15.5500 -69.9600 4 27 51.1300 -81.1100 5 24 48.7900 -84.4000 6 26 48.8200 -62.4600 7 18 26.9600 -68.4200 8 17 35.5300 -46.7700 9 19 24.3500 -28.3300 10 34 64.8600 -30.2100
1.1269670258e+00 1.5281159872e+00 3.6044886987e+00
13 29 82
2 0 22 57.9400 -24.5900 1 23 59.0800 -37.6900
1.1141061146e+00 1.5656408075e+00 3.6068697732e+00
2 31 102
5 0 23 56.4500 -18.8300 1 24 57.3700 -31.5900 2 23 54.7200 -43.1900 3 27 46.3100 -48.5800 4 30 82.9900 -58.3800
1.2344823516e+00 1.6068825880e+00 3.2878783071e+00
209 198 196
10 0 24 76.2200 -16.8900 1 25 77.5700 -29.6400 2 24 74.2200 -40.3400 3 28 65.5700 -47.7900 4 41 100.0100 -62.1800 5 49 98.6700 -69.4900 67 16 100.3000 -51.4700 68 20 63.1200 -30.0900 69 17 33.9000 -20.5100 66 18 94.0100 -75.4900
7.9863097444e-01 1.7037758371e+00 3.3339406947e+00
88 23 19
3 0 25 5.2300 2.7900 1 26 5.0400 -10.1900 3 19 -9.5300 -29.4000
7.1516357103e-01 1.7148366050e+00 3.4097019468e+00
20 13 31
4 0 26 -8.5100 5.9700 1 27 -7.7500 -7.5900 2 25 -12.4500 -19.2300 3 29 -24.1000 -25.4000
7.1516357103e-01 1.7148366050e+00 3.4097019468e+00
20 13 31
4 0 27 -8.5100 5.9700 1 28 -7.7500 -7.5900 2 26 -12.4500 -19.2300 3 30 -24.1000 -25.4000
4.2259307618e-01 1.7585163408e+00 3.3539511006e+00
233 231 216
4 0 28 -56.3400 14.0400 1 29 -55.7100 -0.1100 2 27 -61.1300 -11.8900 3 10 -76.6300 -17.3300
4.2923311990e-01 1.7707283924e+00 3.1588528345e+00
233 231 216
3 0 29 -56.3400 14.0400 1 30 -55.7100 -0.1100 2 28 -61.1300 -11.8900
8.6934250543e-01 1.5088245691e+00 3.5238463388e+00
138 110 95
5 0 30 15.9100 -27.1600 1 54 16.9200 -40.9200 2 29 13.3600 -52.9700 3 40 3.1100 -59.4100 4 29 37.5300 -69.9900
9.0401348008e-01 1.5722920830e+00 3.6550020484e+00
6 27 89
7 0 31 22.2000 -15.4700 1 33 23.0100 -29.1100 2 31 19.6300 -40.5300 3 45 10.0100 -46.3700 4 44 46.5000 -55.2400 5 31 43.6500 -56.0600 6 36 43.5500 -32.6000
8.6611162332e-01 1.5759840786e+00 3.5836530203e+00
130 111 95
5 0 32 16.0500 -15.9700 1 60 16.8700 -29.3900 3 42 3.1800 -46.4400 4 31 38.1400 -55.9500 5 28 35.0000 -58.4400
8.2925559676e-01 1.6029835111e+00 3.3984770170e+00
59 27 11
5 0 33 8.9900 -12.5800 1 34 9.9000 -26.0600 2 32 6.1000 -37.9400 3 46 -4.3700 -45.4500 4 42 29.6100 -58.1300
4.7238616601e-01 1.7017732598e+00 3.1127841240e+00
155 117 77
3 0 34 -49.6300 1.3200 1 35 -49.1000 -11.9600 2 33 -54.2700 -23.9700
1.3060080832e+00 1.7573532395e+00 3.1512915199e+00
23 19 18
14 0 35 89.4700 5.2500 1 36 89.9600 -6.6800 2 35 86.6000 -17.2700 3 48 76.7400 -24.3700 4 47 108.5900 -39.1100 5 51 106.9800 -48.2700 6 60 109.6000 -35.8700 7 58 88.2700 -47.2300 8 57 97.9200 -27.9200 67 23 125.8200 -22.2400 68 31 83.5900 -1.0500 69 28 49.7000 9.9200 9 79 82.9200 -22.1200 66 26 129.2000 -46.8200
1.1099583908e+00 1.7175017036e+00 3.6211464712e+00
185 162 121
4 0 36 56.9500 6.1800 1 37 56.9000 -6.6700 2 34 54.2000 -17.5800 3 49 46.2500 -21.8000
9.8307515718e-01 1.7428691603e+00 3.6522383617e+00
18 71 167
6 0 37 36.1800 11.6000 1 38 36.4700 -1.6200 2 37 33.4300 -12.6800 3 54 24.2000 -16.6800 4 54 61.0100 -25.3600 5 90 58.0400 -26.0100
3.3549396680e-02 1.7653454401e+00 3.1266585152e+00
238 234 226
10 0 39 -122.3100 14.8700 1 39 -121.6900 0.2600 2 38 -128.7700 -11.8200 3 51 -146.9300 -19.3300 4 51 -119.6400 -31.1000 5 54 -126.9600 -40.0400 6 61 -127.7100 -25.8200 7 60 -152.5100 -34.9500 8 58 -148.8200 -24.8900 67 39 -116.4800 34.3900
2.9619153015e-02 1.7660859506e+00 3.1327233441e+00
238 234 226
9 0 40 -122.3100 14.8700 1 40 -121.6900 0.2600 2 39 -128.7700 -11.8200 3 52 -146.9300 -19.3300 4 52 -119.6400 -31.1000 5 55 -126.9600 -40.0400 6 62 -127.7100 -25.8200 7 61 -152.5100 -34.9500 8 59 -148.8200 -24.8900
7.0299224594e-01 1.7817589294e+00 3.5853810952e+00
30 18 24
5 0 41 -9.3100 18.7400 1 41 -8.9500 5.0200 2 40 -13.4500 -6.2600 3 58 -25.0900 -10.4500 4 59 8.9000 -18.4900
7.0337822445e-01 1.7795654276e+00 3.6060039209e+00
30 18 24
4 0 42 -9.3100 18.7400 1 42 -8.9500 5.0200 2 41 -13.4500 -6.2600 3 59 -25.0900 -10.4500
6.0601958053e-02 1.8045496489e+00 3.0811993599e+00
97 102 132
9 0 43 -117.1600 20.8300 1 43 -116.7300 6.2500 2 64 -123.9900 -6.4500 3 57 -141.6300 -13.3900 4 84 -114.6300 -25.9400 5 82 -121.7500 -35.8700 6 130 -122.3400 -22.8000 7 112 -147.0900 -32.6900 8 103 -143.0200 -22.8200
1.1113965164e+00 1.4550752463e+00 3.5124479108e+00
23 20 58
6 0 46 54.9600 -37.6900 1 50 56.1400 -50.9700 2 48 53.5700 -62.4300 3 34 44.8400 -69.2700 4 36 80.6100 -80.8800 5 63 79.7600 -85.4400
1.0918511396e+00 1.4902631261e+00 3.5503348950e+00
185 144 116
11 0 47 52.2400 -31.2800 1 51 53.4000 -44.4600 2 51 50.6900 -55.9900 3 72 42.1300 -62.5800 4 63 78.1100 -73.7700 5 65 76.8700 -77.0900 6 57 77.1900 -56.1500 7 54 55.6000 -61.9600 8 51 64.8100 -39.5000 9 48 54.8400 -21.6800 10 51 96.3500 -21.0800
8.4125143898e-01 1.5042757063e+00 3.3694882102e+00
80 47 19
7 0 48 10.4700 -30.8300 1 214 11.9200 -42.6800 2 74 7.7400 -55.2900 3 96 -2.9100 -62.4500 4 98 30.0000 -75.0400 5 101 26.8000 -81.1500 6 107 26.7500 -63.3500
5.2356151169e-01 1.4902385545e+00 3.4327315155e+00
150 135 129
15 0 49 -40.2400 -29.4600 1 52 -39.4700 -43.5500 2 52 -44.2000 -56.1700 3 71 -57.6600 -63.5700 4 64 -25.7100 -73.9900 5 44 -31.1000 -79.0800 6 53 -32.8200 -58.5500 7 52 -56.7000 -64.7300 8 48 -51.0600 -47.5900 67 72 -50.0800 -44.9200 68 74 -81.3500 -36.6600 69 65 -106.1600 -46.0600 9 30 -70.9600 -30.4800 10 45 -45.3900 -36.4300 66 88 -62.1100 -49.4800
6.1619091004e-01 1.5081503403e+00 3.4132061291e+00
167 134 21
15 0 50 -25.1200 -27.0800 1 55 -24.1600 -41.0200 2 30 -28.5900 -53.2100 3 37 -41.4600 -60.7900 4 38 -9.1300 -71.7000 5 46 -14.1900 -77.1100 6 55 -15.5600 -57.7900 7 30 -38.7300 -64.6000 8 28 -32.4700 -46.5700 67 51 -30.9600 -44.8500 68 49 -62.6900 -34.9400 69 67 -87.1900 -41.9400 9 28 -51.1400 -30.8900 10 32 -23.7500 -36.5300 66 64 -43.6500 -51.8700
4.9596914248e-01 1.5214303784e+00 3.3679488914e+00
94 69 45
7 0 51 -45.0400 -25.1200 1 57 -44.0900 -39.2600 2 53 -49.0500 -51.7800 3 73 -63.0600 -59.2300 4 39 -31.9600 -70.3400 5 25 -37.9100 -75.9900 6 29 -40.1200 -57.1400
7.1947208849e-01 1.5465195458e+00 3.4029510704e+00
35 20 22
13 0 52 -8.2500 -21.5900 1 58 -7.5300 -35.5200 2 55 -11.7100 -47.3300 3 41 -23.5500 -54.8100 4 40 8.8500 -66.1300 5 48 4.8600 -71.4900 6 58 3.9900 -52.7000 7 56 -18.5700 -59.8300 8 50 -11.7600 -41.9800 67 52 -8.8800 -41.8100 68 52 -41.1600 -29.7800 69 40 -67.0800 -33.8600 66 65 -20.3100 -51.1100
5.2727889567e-01 1.5356042359e+00 3.4618140668e+00
146 129 109
13 0 53 -39.6000 -21.8400 1 82 -38.5900 -35.9200 2 77 -43.4300 -48.4500 3 76 -56.9400 -55.2400 4 69 -24.6800 -65.5500 5 68 -30.0700 -69.6900 6 73 -31.5400 -48.8100 7 78 -55.1100 -54.7500 8 52 -49.9300 -36.9300 67 76 -48.3700 -36.3400 69 68 -105.6700 -37.5800 9 49 -69.2500 -18.6500 10 76 -43.7900 -22.9300
6.8370560213e-01 1.5764438096e+00 3.4518217175e+00
157 136 115
12 0 54 -14.0800 -16.1200 1 59 -13.4400 -30.0400 2 56 -17.7600 -41.8600 3 77 -29.9400 -48.7700 4 70 3.0200 -59.5300 5 50 -0.7300 -63.9600 6 33 -0.6300 -43.9000 7 34 -23.0800 -50.5900 67 77 -16.6600 -34.6100 68 80 -48.9000 -23.6100 69 69 -75.4200 -29.0600 66 67 -28.4100 -43.3900
1.1223673882e+00 1.6297440549e+00 3.5882531679e+00
5 24 81
4 0 55 58.1000 -8.4600 1 61 58.8900 -21.5400 2 58 56.1300 -32.6900 3 47 47.9100 -37.5800
1.0306764209e+00 1.6701714718e+00 3.6901583906e+00
52 58 23
13 0 56 43.2800 -0.2600 1 64 43.7500 -13.2400 2 60 40.4200 -24.6100 3 78 32.4700 -28.7100 4 75 70.1300 -37.2000 5 79 67.7900 -37.3000 6 93 68.2800 -13.5200 7 90 46.5200 -17.9900 8 62 53.0400 6.8500 67 73 50.3000 -38.4100 68 82 19.4700 -19.8100 69 72 -9.1800 -16.5100 66 62 28.9500 -57.0400
9.3456558245e-01 1.7220299803e+00 3.6835483924e+00
228 214 203
10 0 57 27.8300 9.0900 1 65 28.5600 -4.4400 2 36 25.2200 -15.7000 3 50 15.9600 -19.8800 4 82 53.0400 -28.2100 5 89 50.6100 -28.2600 67 35 32.4800 -22.4800 68 28 0.8400 -6.4000 69 26 -28.0100 -5.5600 66 40 12.4700 -37.5300
1.2393521304e+00 1.7817107341e+00 3.1051385921e+00
12 8 13
8 0 58 78.8200 10.0400 1 107 79.1800 -2.2400 2 61 75.5300 -12.8400 3 127 65.1300 -20.0300 67 54 114.4300 -13.4100 68 56 72.4400 6.2200 69 49 38.2900 15.5000 66 42 118.2100 -35.7800
7.3905223549e-01 1.7404075762e+00 3.5838642875e+00
237 215 112
3 0 59 -3.9900 11.9000 1 66 -3.1500 -1.7200 2 62 -7.7700 -13.0900
6.2758130386e-01 1.7806816954e+00 3.3514160588e+00
24 27 29
2 0 60 -22.6000 16.6300 1 69 -21.9000 2.6200
8.5333656113e-01 1.7976032580e+00 3.6768852911e+00
29 63 141
3 0 61 15.2600 21.7000 1 44 15.8000 7.9500 2 43 11.7700 -2.8500
9.6721946490e-01 1.8306348310e+00 3.3403698492e+00
214 217 228
3 0 62 33.8700 22.8000 1 71 34.1900 9.6100 2 106 29.9200 -1.5900
4.2279620335e-02 1.8384837704e+00 3.0837041091e+00
238 233 221
6 0 64 -120.6100 26.5200 1 45 -120.1100 12.0600 2 44 -127.0900 0.0800 3 60 -144.7700 -7.2600 4 56 -118.1100 -20.2000 5 85 -125.0100 -30.7800
4.3377844624e-02 1.8426032091e+00 3.0409131143e+00
238 233 221
9 0 65 -120.6100 26.5200 1 46 -120.1100 12.0600 2 45 -127.0900 0.0800 3 61 -144.7700 -7.2600 4 57 -118.1100 -20.2000 5 86 -125.0100 -30.7800 6 135 -125.7500 -18.8700 7 116 -150.0300 -29.0900 8 105 -146.5900 -19.8500
2.3035494524e-01 1.8555639542e+00 3.1950790831e+00
249 236 227
3 0 66 -88.5200 29.5700 1 47 -88.2900 15.1500 2 68 -94.3900 3.5200
9.0541495572e-01 1.9053941451e+00 3.0269472062e+00
244 232 98
4 0 67 23.3400 32.1600 1 72 23.8300 19.0200 2 69 19.0100 8.2300 3 86 7.0800 0.5900
9.0541495572e-01 1.9053941451e+00 3.0269472062e+00
244 232 98
4 0 68 23.3400 32.1600 1 73 23.8300 19.0200 2 70 19.0100 8.2300 3 87 7.0800 0.5900
8.4480440714e-01 1.9831562442e+00 3.0700976728e+00
165 116 42
3 0 70 14.1200 46.2200 1 74 14.1900 32.2600 2 112 8.9600 21.7000
7.9741304692e-01 1.8773795299e+00 4.9963312989e+00
218 218 193
2 0 71 9.2100 47.3200 1 75 8.9600 33.4300
1.0113362689e-01 2.0916355035e+00 2.7745766172e+00
43 6 0
8 0 72 -112.1000 65.8800 1 119 -111.0300 50.8000 2 71 -118.2900 39.7600 3 368 -134.4100 30.6600 4 144 -114.8600 15.0700 5 137 -119.8900 0.4100 6 227 -116.9600 6.4900 7 383 -137.6100 -7.4600
8.7992696762e-01 1.3758050897e+00 3.5095065105e+00
54 35 38
3 0 74 16.4900 -48.5900 1 76 17.7700 -62.3300 4 91 39.5800 -94.8800
1.1962458945e+00 1.5474368207e+00 3.3475529018e+00
240 232 224
9 0 76 69.9400 -25.7300 1 81 71.0000 -38.3800 2 76 68.1600 -49.6400 3 97 59.3300 -56.8600 4 101 93.3900 -70.1600 67 46 88.5700 -63.2500 68 46 53.3100 -42.0300 69 41 26.3400 -33.3600 66 33 78.3000 -86.3600
9.3006430251e-01 1.5118747032e+00 3.6134988019e+00
25 26 16
15 0 77 25.9500 -25.9400 1 80 26.9700 -39.3600 2 75 23.7800 -51.3000 3 75 14.1800 -57.2600 4 67 50.1600 -67.4400 5 67 47.6500 -69.6100 6 76 47.6000 -46.8100 7 82 25.7100 -51.6700 8 56 33.2200 -29.2700 67 67 24.6900 -63.4700 68 72 -4.4500 -46.9800 69 64 -28.0900 -45.5500 9 56 22.5100 -8.5600 10 54 62.8000 -7.3600 66 82 3.0500 -78.9900
5.6207043021e-01 1.5395147547e+00 3.4681537511e+00
23 12 28
14 0 78 -33.9500 -21.1200 1 83 -33.2600 -35.2100 2 78 -38.1700 -47.5500 4 104 -18.3300 -64.1300 5 69 -23.6400 -68.7800 6 75 -24.7400 -48.0200 7 81 -47.6800 -53.4600 8 53 -42.6500 -35.9600 67 74 -41.9200 -37.4100 68 78 -73.7100 -28.5400 69 38 -99.3900 -37.2100 9 50 -61.1300 -17.5000 10 50 -35.0800 -21.9600 66 69 -54.4300 -43.2300
1.2353927167e+00 1.5856381043e+00 3.3105834451e+00
228 215 203
9 0 79 76.3300 -19.8900 1 85 77.3600 -32.4500 2 80 74.5600 -43.6000 3 101 65.7900 -50.7500 4 103 99.6100 -64.1400 67 68 99.1500 -56.8600 68 75 62.7800 -35.2300 69 96 34.4100 -25.7200 66 59 91.8800 -81.1000
1.1617415943e+00 1.5814522329e+00 3.3263873560e+00
218 212 196
4 0 80 64.3400 -19.8200 1 86 65.2900 -32.5800 2 79 62.1400 -43.8100 3 100 52.8700 -50.8300
1.2632369299e+00 1.6135779326e+00 3.3074194578e+00
224 207 197
4 0 82 81.2400 -15.4900 1 87 82.2000 -27.9200 2 84 79.3600 -38.8100 3 103 70.5400 -45.8500
1.2629718523e+00 1.6145897060e+00 3.2983258548e+00
224 207 197
5 0 83 81.2400 -15.4900 1 88 82.2000 -27.9200 2 85 79.3600 -38.8100 3 104 70.5400 -45.8500 4 165 103.9500 -59.5100
1.1520258260e+00 1.6178056708e+00 3.4313655562e+00
200 202 220
4 0 84 62.7500 -12.4900 1 89 63.5300 -25.3500 2 87 60.9000 -36.0500 3 170 52.2600 -43.0200
1.2589618623e+00 1.6458033805e+00 3.2463791471e+00
111 104 88
10 0 85 80.8300 -11.2500 1 93 82.1600 -23.5900 2 88 78.7200 -34.4300 3 107 69.7300 -41.6200 4 109 101.8500 -55.4800 5 171 100.3300 -63.1100 6 176 102.2400 -48.6400 7 154 81.5100 -59.0900 8 279 90.7800 -38.9700 67 49 109.1800 -44.7200
1.2581405014e+00 1.6454059944e+00 3.2487783815e+00
111 104 88
9 0 86 80.8300 -11.2500 1 94 82.1600 -23.5900 2 89 78.7200 -34.4300 3 108 69.7300 -41.6200 4 110 101.8500 -55.4800 5 172 100.3300 -63.1100 6 177 102.2400 -48.6400 7 155 81.5100 -59.0900 8 280 90.7800 -38.9700
6.4194326701e-01 1.6028692714e+00 3.4809925432e+00
63 51 37
15 0 87 -20.6600 -10.8700 1 92 -20.0300 -24.9000 2 86 -24.4400 -36.8000 3 106 -36.8200 -43.2400 4 112 -3.7800 -53.4800 5 71 -8.1000 -57.3800 6 78 -8.8700 -36.8400 7 83 -31.8800 -43.0100 8 70 -26.1600 -24.1200 67 122 -24.7900 -28.2800 68 115 -57.3400 -18.0000 69 100 -84.2500 -24.3500 9 58 -43.1100 -5.8500 10 79 -15.9300 -7.7500 66 128 -37.0200 -35.7500
1.2577921701e+00 1.6764079629e+00 3.2079407589e+00
229 208 189
7 0 88 80.7900 -6.4800 1 98 81.8600 -18.6500 2 95 78.4200 -29.4000 3 114 69.0300 -36.5700 4 113 101.5200 -50.7300 69 73 39.5200 -6.6800 66 61 109.1500 -61.4900
1.2914833914e+00 1.6778484494e+00 3.1890845159e+00
119 103 99
6 0 89 86.5700 -6.1900 1 97 87.2500 -18.6100 2 94 83.9400 -29.2600 67 53 117.7100 -38.3300 69 75 46.3200 -6.0000 66 60 117.1400 -63.3400
8.9910337340e-01 1.6281757743e+00 3.7061170492e+00
8 16 69
10 0 90 21.9000 -5.8400 1 95 22.6900 -19.2500 2 92 19.2600 -30.8100 3 115 9.7000 -35.4200 4 123 46.7800 -43.8300 5 74 43.7600 -43.9700 6 89 43.5400 -19.3900 8 75 28.1700 0.3700 9 61 17.1500 24.4100 10 63 55.6000 29.9700
8.9983902370e-01 1.6281276619e+00 3.7026712600e+00
8 16 69
10 0 91 21.9000 -5.8400 1 96 22.6900 -19.2500 2 93 19.2600 -30.8100 3 116 9.7000 -35.4200 4 124 46.7800 -43.8300 5 75 43.7600 -43.9700 6 90 43.5400 -19.3900 7 89 21.6500 -23.3900 8 76 28.1700 0.3700 69 98 -35.0000 -24.4000
2.8456498393e-01 -4.2974787074e-02 3.3067025296e+00
0 0 255
0
9.6601459634e-01 1.6500187876e+00 3.5725493648e+00
158 144 95
2 0 93 32.9700 -4.3100 1 154 32.9400 -17.5500
6.9477627519e-01 1.6666519440e+00 3.5421456563e+00
167 151 150
4 0 95 -11.6200 -0.3900 1 100 -10.9000 -14.0400 2 96 -15.6200 -25.6800 3 118 -27.0100 -31.2800
9.6388530635e-01 1.6678764324e+00 3.7098980093e+00
3 17 39
12 0 96 32.1200 0.2500 1 101 32.8900 -13.1500 2 147 30.1800 -24.3600 3 176 21.0500 -28.7100 4 128 57.9000 -36.9000 5 80 55.4500 -36.9400 7 121 33.9400 -16.5300 8 77 40.2500 8.0800 67 75 35.6500 -36.0600 9 100 30.7200 31.7300 10 120 70.7900 37.4200 66 121 13.9200 -52.6500
9.0167403221e-01 1.6865228139e+00 3.7398399871e+00
158 144 119
5 0 97 22.6200 3.8300 1 102 23.1700 -9.5000 2 150 19.8800 -20.8800 3 121 10.3500 -24.6400 4 200 47.7200 -32.3100
1.2598993681e+00 1.7524632400e+00 3.1349258395e+00
219 217 223
12 0 98 81.7900 4.9400 1 104 82.2300 -7.3500 2 98 78.9000 -17.9800 3 119 68.5700 -25.3700 4 127 100.5800 -39.8400 5 116 98.1400 -48.9700 6 118 99.6100 -36.3500 7 102 77.6700 -47.9100 67 128 117.1600 -21.2800 68 127 75.2300 -0.8900 69 186 42.5200 9.0300 66 124 120.5000 -44.9700
1.2080701151e+00 1.7813722962e+00 2.9961905500e+00
204 194 191
2 0 99 73.7400 8.7600 1 106 74.2700 -3.5500
1.3097165367e+00 1.7938478280e+00 3.0815882155e+00
166 134 130
5 0 103 90.4300 10.8800 1 108 90.8700 -1.1300 3 128 77.8200 -18.8200 4 198 109.2400 -34.0000 66 38 134.3000 -38.2600
1.0171146702e+00 1.7540607757e+00 3.6394987918e+00
9 57 151
11 0 106 41.6000 12.9600 1 109 42.0800 -0.2000 2 101 38.6300 -11.2300 3 130 29.9400 -15.1200 4 133 66.3200 -24.0200 5 212 64.4300 -24.6700 6 370 65.5800 -2.0200 67 37 52.5100 -19.0300 68 54 19.1100 -1.5700 69 46 -11.1500 1.4100 66 43 34.8200 -36.5300
7.5549047176e-01 1.8078015672e+00 3.5077958332e+00
174 71 37
3 0 108 -1.4200 21.5800 1 110 -0.3000 8.5900 2 105 -4.8200 -2.5100
9.0862335577e-01 1.7975036969e+00 3.8115384025e+00
192 194 229
3 0 109 24.1700 22.5400 1 113 24.9700 9.3100 2 107 21.5900 -1.5100
2.8064360561e-01 1.7964954963e+00 3.5230100813e+00
245 235 219
4 0 110 -79.1900 23.1000 1 111 -78.9000 8.7300 2 103 -85.0000 -3.0800 3 81 -98.0400 -7.9400
2.8064360561e-01 1.7964954963e+00 3.5230100813e+00
245 235 219
4 0 111 -79.1900 23.1000 1 112 -78.9000 8.7300 2 104 -85.0000 -3.0800 3 82 -98.0400 -7.9400
2.5639887812e-01 1.8117791918e+00 3.4028324536e+00
152 127 90
3 0 112 -83.1200 25.1000 1 114 -82.8300 10.4300 2 168 -89.3600 -2.7600
2.5669454485e-01 1.8163346963e+00 3.3827530252e+00
152 127 90
2 0 113 -83.1200 25.1000 1 115 -82.8300 10.4300
8.6657286307e-01 1.9150457012e+00 3.0093186554e+00
241 223 109
4 0 115 17.0100 33.7400 1 117 17.2900 20.6200 2 111 12.3900 9.7500 3 138 0.1300 2.1700
2.9296363320e-01 2.1004540767e+00 2.7073481032e+00
73 70 50
3 0 117 -80.0200 65.4900 1 120 -79.5500 51.4100 3 370 -102.4400 31.0300
1.0217179518e+00 1.4421992207e+00 3.5445075907e+00
43 10 3
14 0 122 40.2500 -38.6100 1 126 41.5400 -51.9800 2 120 38.5200 -63.9800 3 146 29.7900 -70.8400 4 149 65.4500 -81.9300 5 151 63.5700 -85.6700 6 163 64.0900 -64.6800 7 138 42.2000 -70.7000 8 86 51.4400 -48.7900 68 154 12.8300 -61.6500 69 139 -9.8600 -57.5000 9 108 41.0200 -30.8400 10 91 82.6300 -31.8200 66 167 21.0900 -98.6300
4.1278066095e-01 -2.7787363897e-01 3.2741138018e+00
0 0 255
0
8.4996621798e-01 1.3938017442e+00 4.1221507718e+00
78 48 14
3 0 124 12.5800 -36.6600 1 204 14.5800 -52.1700 2 208 11.6800 -65.7100
1.0679624304e+00 1.4754430714e+00 3.5514399024e+00
182 156 137
12 0 125 48.0700 -33.3700 1 128 49.0100 -46.6000 2 122 46.3600 -58.5000 3 148 37.9800 -65.1000 4 151 73.9700 -76.2800 5 102 72.1700 -79.6000 6 108 72.2600 -58.4800 7 97 50.9000 -64.6300 68 156 23.1400 -57.0400 69 142 -0.2400 -51.5500 10 95 91.6600 -23.8200 66 168 33.6300 -96.7400
7.0882596297e-01 1.4771478634e+00 3.3600657672e+00
149 104 40
4 0 126 -11.0000 -33.5900 1 77 -9.7600 -47.5800 4 95 6.1500 -79.5100 5 98 1.4700 -85.8100
1.1438210084e+00 1.5016340662e+00 3.4815221181e+00
142 101 54
4 0 127 60.5300 -30.3700 1 132 62.0200 -43.5600 2 73 59.5300 -55.6400 3 153 50.5600 -62.2200
9.2983202499e-01 1.4874762400e+00 3.6001205660e+00
165 140 121
12 0 128 25.5000 -29.9000 1 129 26.5500 -43.4700 2 125 23.4600 -55.4800 3 154 13.9500 -61.7700 4 153 49.7500 -71.8900 5 105 47.3900 -74.5500 6 111 47.4100 -51.9600 67 173 24.2200 -68.1600 68 159 -4.8700 -51.2800 69 143 -28.0400 -50.0900 9 121 22.0000 -14.4700 10 106 62.6400 -14.3200
5.6297541900e-01 1.4932876396e+00 3.4216303927e+00
22 34 46
10 0 130 -33.6100 -29.2200 1 130 -32.9200 -43.4300 2 123 -37.8900 -56.1300 3 152 -51.0100 -63.3700 4 152 -18.8600 -74.1500 5 103 -23.8700 -79.1000 7 75 -48.7000 -65.9400 8 87 -43.1900 -48.2900 10 74 -35.7500 -37.8400 66 198 -54.4100 -51.0300
5.6413318409e-01 1.4945981473e+00 3.4168634331e+00
22 34 46
6 0 131 -33.6100 -29.2200 1 131 -32.9200 -43.4300 2 124 -37.8900 -56.1300 7 76 -48.7000 -65.9400 8 88 -43.1900 -48.2900 10 75 -35.7500 -37.8400
6.6560054411e-01 1.5163274835e+00 3.4013036944e+00
153 130 31
11 0 132 -16.9900 -26.1300 1 218 -16.6500 -40.3000 2 127 -20.6800 -52.3900 3 244 -33.0100 -59.7700 4 154 -0.7300 -71.1300 5 162 -5.3900 -76.6700 6 166 -6.3400 -57.4800 69 147 -77.8700 -40.0500 9 109 -40.2200 -31.2000 10 89 -12.5600 -36.4500 66 197 -32.6000 -53.3700
1.2179028768e+00 1.5689988544e+00 3.3062529149e+00
71 60 47
5 0 133 73.0500 -22.4500 1 135 74.5000 -35.1400 2 228 71.6000 -46.2900 3 159 63.1500 -53.6900 69 154 30.9900 -28.9700
8.9629819287e-01 1.5315818924e+00 3.6361751154e+00
15 22 58
10 0 134 20.6300 -22.0100 1 134 21.5000 -35.3900 3 98 8.3400 -53.2600 4 107 44.5700 -62.3700 5 108 41.5300 -64.7100 6 116 41.4900 -41.6000 7 103 19.2800 -46.1400 8 101 26.7500 -23.4500 68 164 -10.7200 -42.4300 9 87 15.7200 -1.3400
5.8927110902e-01 1.5359006582e+00 3.4459033129e+00
157 137 57
15 0 135 -29.4300 -22.1200 1 225 -29.0100 -36.1400 2 128 -33.0500 -48.5000 3 157 -46.1900 -55.5600 4 159 -13.8200 -66.0700 5 167 -18.7400 -70.5200 6 112 -19.9100 -50.2900 7 100 -43.3700 -56.6300 8 93 -37.5500 -38.6300 67 196 -36.2700 -38.8900 68 178 -67.8900 -29.4600 69 151 -93.3800 -37.2100 9 117 -56.0800 -21.2200 10 93 -29.2000 -25.8300 66 204 -48.0500 -45.0600
1.1898938701e+00 1.5763534971e+00 3.3097456614e+00
56 46 44
8 0 136 68.7500 -21.2300 1 138 69.9400 -33.9300 3 161 57.7000 -52.2900 4 160 91.1700 -65.6800 5 164 89.5100 -72.6500 6 167 91.1100 -56.6500 7 141 69.6900 -66.0400 8 269 79.2300 -45.5000
1.1895219155e+00 1.5759208343e+00 3.3146712259e+00
56 46 44
11 0 137 68.7500 -21.2300 1 139 69.9400 -33.9300 2 231 66.7000 -45.0600 3 162 57.7000 -52.2900 4 161 91.1700 -65.6800 5 165 89.5100 -72.6500 6 168 91.1100 -56.6500 67 103 89.2800 -56.5600 68 101 53.5800 -35.9500 69 94 25.6500 -27.3700 66 81 81.4600 -79.5900
1.2633472354e+00 1.5825053427e+00 3.3190113984e+00
123 94 44
8 0 140 81.9400 -20.5400 1 84 83.5400 -32.4300 2 130 79.3000 -44.4300 3 99 71.2600 -50.9900 4 102 104.8800 -64.5400 5 163 102.7100 -73.0200 68 170 67.0900 -37.1200 69 159 38.7900 -26.6300
1.0979905357e+00 1.5782676479e+00 3.6149767383e+00
5 8 53
6 0 141 53.8700 -16.3400 1 143 54.9100 -29.6600 2 133 52.1200 -40.9600 3 168 44.2100 -45.8600 4 169 80.1800 -56.3500 7 105 57.7700 -40.9500
5.1314425339e-01 1.5687099815e+00 3.5006733575e+00
146 126 120
8 0 142 -41.7300 -15.8900 1 144 -40.9400 -29.7500 2 132 -46.0500 -42.2400 3 102 -59.1900 -48.5900 4 108 -26.4600 -58.2600 5 112 -31.7900 -61.7900 6 117 -33.2400 -40.4300 10 78 -45.7900 -10.5600
1.0985228041e+00 1.6085451492e+00 3.6305297964e+00
179 170 177
14 0 146 54.0600 -11.5800 1 91 55.0600 -24.9900 2 251 51.8400 -34.9900 3 110 43.9600 -41.4200 4 115 80.8600 -51.0700 5 186 79.0500 -50.9500 6 196 79.7300 -27.9900 7 344 57.6900 -32.7500 8 186 66.2900 -8.8000 67 107 63.6800 -53.6100 68 174 32.1300 -33.2100 69 93 5.6800 -27.9100 9 94 57.5500 8.6500 10 115 98.0400 11.5200
9.8271068981e-01 1.6117780769e+00 3.6636999801e+00
45 46 60
5 0 147 34.9200 -9.6500 1 148 35.7600 -22.7700 2 91 32.8300 -33.7400 67 116 38.2500 -47.3900 68 105 8.0000 -29.6700
6.4775554902e-01 1.6286300910e+00 3.4916380686e+00
169 152 141
15 0 148 -19.5700 -6.7900 1 150 -18.9900 -20.6900 2 138 -23.5800 -32.6100 3 111 -35.7300 -38.6900 4 116 -2.4300 -48.6200 5 115 -6.9900 -52.3100 6 120 -7.8300 -31.5200 7 108 -30.4500 -37.4800 8 71 -25.3100 -18.4100 67 127 -22.7600 -23.8100 68 194 -55.0700 -13.2000 69 102 -83.0600 -19.5100 9 88 -42.0500 0.2400 10 110 -15.0000 -1.0700 66 130 -34.6100 -31.5100
5.9305042436e-01 1.6342801952e+00 3.5158217562e+00
74 42 41
10 0 149 -28.4200 -5.4200 1 152 -27.8900 -19.2400 2 140 -32.4300 -31.2700 3 112 -44.9700 -36.8900 4 119 -11.7900 -46.6500 8 107 -35.5400 -14.8200 67 129 -34.0800 -20.8700 68 118 -66.4400 -11.1300 69 103 -94.3800 -18.9600 66 131 -46.3200 -26.9900
5.9306924468e-01 1.6341613463e+00 3.5152982731e+00
74 42 41
12 0 150 -28.4200 -5.4200 1 153 -27.8900 -19.2400 2 142 -32.4300 -31.2700 3 113 -44.9700 -36.8900 4 121 -11.7900 -46.6500 5 190 -16.3600 -49.8800 6 122 -17.6200 -28.5100 8 109 -35.5400 -14.8200 67 131 -34.0800 -20.8700 68 120 -66.4400 -11.1300 69 104 -94.3800 -18.9600 66 132 -46.3200 -26.9900
1.1145291263e+00 1.6528312987e+00 3.6557460442e+00
180 169 171
13 0 151 56.9400 -4.1200 1 155 57.8000 -16.9900 2 146 54.9600 -28.2200 3 174 46.8800 -32.6300 4 182 84.0900 -41.8500 6 209 83.2600 -20.0100 7 117 61.6800 -24.5700 8 118 69.7100 -0.1500 67 190 68.4700 -45.5900 68 182 36.4600 -25.4600 69 163 8.7600 -19.4200 9 142 60.9100 20.7800 10 186 100.9600 25.6900
5.3729183450e-01 1.6562516741e+00 3.4073029387e+00
100 95 86
3 0 152 -37.8900 -2.7000 1 259 -37.4100 -16.4900 2 145 -42.3000 -28.6900
5.0118744113e-01 1.6464941939e+00 3.5628500783e+00
28 11 21
10 0 153 -43.5600 -1.9300 1 156 -42.9500 -15.7400 3 289 -61.3200 -33.8500 4 305 -27.8500 -42.8000 5 193 -33.0000 -44.9700 6 204 -34.4800 -22.6000 7 194 -57.5800 -27.3800 8 331 -53.5200 -8.4200 9 137 -72.0600 13.7000 10 116 -47.3300 14.2900
5.8590093864e-01 1.6552450384e+00 3.5424409536e+00
143 123 127
10 0 154 -29.7700 -1.3300 1 158 -29.3600 -15.5000 2 259 -33.8900 -27.1900 4 184 -13.3300 -41.9800 5 194 -17.7900 -44.6800 6 203 -18.5100 -23.0800 8 112 -36.6700 -8.7800 67 209 -35.6200 -16.4200 9 136 -54.0800 11.6900 10 176 -27.4300 11.8800
1.3724378954e+00 1.7415440611e+00 3.1446540223e+00
206 188 163
7 0 155 101.1300 2.7100 1 162 101.7500 -9.3300 2 273 98.0800 -19.8300 3 180 88.6500 -27.3000 4 181 120.4900 -42.2500 5 185 119.0300 -51.7000 69 116 63.4000 7.8000
1.1516050210e+00 1.7117641815e+00 3.5364998606e+00
117 83 82
4 0 157 63.6600 4.1200 1 163 63.7900 -8.9900 2 276 61.0000 -19.4300 3 183 52.9400 -24.3500
7.8149573372e-01 1.7259981639e+00 3.2638999123e+00
56 7 0
4 0 160 2.1600 5.6700 1 164 2.9400 -7.8500 2 151 -1.6000 -19.0600 3 182 -13.6200 -26.0200
9.7862696668e-01 1.7167543321e+00 3.6963771633e+00
33 58 92
6 0 162 35.0600 7.9800 1 277 36.0000 -5.3200 2 154 32.4200 -16.3800 3 302 23.6900 -20.3800 4 202 60.2700 -28.4700 69 109 -18.7300 -7.2600
8.4143940009e-01 1.7276532139e+00 3.5103028433e+00
70 41 35
3 0 163 12.7200 8.4400 1 105 13.3000 -5.0800 2 99 9.0400 -16.3500
1.2687877097e+00 1.8015742504e+00 3.0939887348e+00
192 161 146
6 0 164 84.0600 12.7200 1 171 84.8500 0.5600 2 159 80.7400 -9.7800 3 190 71.1300 -17.3200 4 321 101.5300 -32.2700 68 88 78.1400 10.2300
1.1062707369e+00 1.7714828676e+00 3.4420163416e+00
19 21 66
3 0 165 56.3500 13.2200 1 170 56.7700 0.2300 2 157 53.5500 -10.4800
1.2411838516e+00 1.8271729962e+00 3.0637365198e+00
74 50 32
5 0 167 79.3200 17.3200 1 176 79.5300 4.9900 2 163 75.7700 -5.5800 3 315 65.3200 -13.0400 69 124 38.4700 26.0300
1.2407438231e+00 1.8269880593e+00 3.0677747870e+00
74 50 32
4 0 168 79.3200 17.3200 1 177 79.5300 4.9900 2 164 75.7700 -5.5800 3 316 65.3200 -13.0400
8.4062664037e-01 1.7899461543e+00 3.9332110371e+00
37 51 99
2 0 171 13.7800 23.0500 1 179 13.7700 9.5800
7.1797963515e-01 1.7821617102e+00 4.0690356700e+00
180 144 115
3 0 172 -5.6800 23.9300 1 180 -5.5600 10.2900 2 318 -9.6400 -0.7900
1.2555245838e-01 1.8455998032e+00 3.0344776022e+00
48 49 71
8 0 174 -108.0000 26.4100 1 182 -107.3700 12.1600 2 170 -114.0300 0.2700 3 200 -131.1500 -7.2100 4 212 -104.1000 -20.2500 5 205 -110.6900 -31.0300 7 350 -134.0900 -29.7300 68 148 -140.5500 51.3700
1.0020936076e+00 1.8816900084e+00 3.2145893022e+00
38 38 6
3 0 175 39.9300 29.3100 1 183 40.0200 16.6900 2 173 35.6200 5.7700
9.4023892127e-01 1.9018387721e+00 3.2178450473e+00
131 100 33
3 0 178 29.7000 33.2100 1 332 29.9300 20.1600 2 181 25.2600 9.3800
8.1286465698e-01 1.8965012782e+00 3.7136911417e+00
192 182 143
3 0 184 9.4000 38.2300 1 186 9.5600 24.6600 2 186 5.4100 14.1800
2.3851626377e-01 1.9536927991e+00 2.9920168022e+00
153 117 51
2 0 185 -88.1400 43.4500 1 338 -87.7400 29.7800
-4.9233792169e-01 2.9736075698e-01 2.7496525089e+00
0 0 255
0
7.8943788059e-01 2.0605600783e+00 3.2838712531e+00
141 113 57
3 0 187 5.7000 61.1700 1 345 5.5300 47.5500 2 192 0.6800 37.2000
7.3582130553e-01 2.0108681535e+00 4.2136794888e+00
227 222 214
2 0 188 -1.0900 61.3900 1 118 -1.4800 47.7300
2.9779942516e-01 2.0764308300e+00 2.7615134577e+00
166 129 54
2 0 189 -79.1700 61.8400 1 190 -78.5400 47.8000
-7.9112723247e-01 6.2798645364e-01 2.8802214969e+00
0 0 255
0
1.0987601121e+00 1.3962196357e+00 3.4679266058e+00
34 9 1
10 0 204 52.4000 -47.6500 1 196 53.8800 -60.6900 2 201 50.8000 -72.7300 3 227 42.7400 -80.4100 6 157 77.3400 -78.2800 7 135 55.9900 -85.5100 8 131 66.4700 -64.0000 67 277 57.2200 -91.9300 68 249 27.9200 -71.4600 69 237 5.9900 -65.0500
1.1180818497e+00 1.4287775036e+00 3.4851899139e+00
30 25 39
7 0 206 55.4900 -42.5800 1 200 56.7200 -55.2000 2 205 54.2200 -66.8900 4 242 81.3900 -86.4200 5 147 80.3000 -90.9700 6 259 81.1800 -71.3700 7 263 59.6600 -78.3500
9.2628632093e-01 1.4213011484e+00 3.5453846348e+00
174 137 113
12 0 208 24.6200 -41.1100 1 201 25.5800 -54.6000 2 206 22.6200 -66.8600 3 230 13.0300 -74.1300 4 243 47.9200 -85.4600 5 251 45.7600 -88.9800 8 139 31.8700 -52.2800 67 281 20.6400 -80.0500 68 256 -6.2700 -62.7700 69 239 -28.5700 -61.5200 9 176 20.9000 -33.6200 10 212 61.7300 -35.7300
9.5255921278e-01 1.4402565321e+00 3.4503988556e+00
167 143 116
2 0 209 28.9000 -39.9200 1 203 30.3000 -53.2800
1.0755394780e+00 1.4427974495e+00 3.5270117678e+00
123 111 113
7 0 211 48.9400 -39.1600 1 125 50.6100 -52.3700 2 212 47.8500 -64.0100 4 148 74.9100 -82.7800 5 150 72.8000 -86.7600 67 280 53.4000 -82.3300 68 255 23.7600 -62.9900
1.0640590053e+00 1.4567610118e+00 3.5412050083e+00
37 8 5
12 0 213 47.1500 -36.7100 1 205 48.4500 -49.8400 2 214 45.6400 -61.7200 4 150 72.8600 -79.7000 5 152 71.1500 -83.3800 6 164 71.8900 -62.4200 8 143 59.8800 -46.2600 67 170 51.4100 -79.6600 68 155 21.4400 -60.0800 69 240 -1.0500 -54.6400 9 111 49.3000 -28.8000 10 154 91.0000 -29.0800
1.1345317932e+00 1.4981683272e+00 3.2498197819e+00
141 110 78
2 0 215 59.0900 -34.5300 1 206 60.6900 -47.1500
9.5047258142e-01 1.4791741330e+00 3.5918037229e+00
89 72 64
12 0 217 28.9600 -31.7500 1 209 29.8900 -44.8300 3 238 17.4400 -63.3600 4 251 53.1500 -73.6100 5 161 51.0000 -76.6500 6 174 51.1800 -53.9600 7 152 28.8600 -59.4700 8 96 37.3400 -37.3000 67 289 27.8000 -70.0800 68 158 -0.7200 -53.1200 69 243 -24.5000 -51.5100 10 102 67.9800 -17.2300
8.9465269659e-01 1.4782967740e+00 3.5950544027e+00
31 11 12
13 0 218 19.7900 -31.1200 1 211 20.8900 -44.6500 2 217 17.5600 -56.6600 3 151 7.8000 -63.3800 4 100 43.3400 -73.5700 5 104 40.5900 -76.2500 6 110 40.3200 -53.5900 7 99 18.0700 -58.4100 8 97 25.7700 -36.3800 68 261 -12.0500 -52.0000 69 140 -35.0600 -51.8100 9 80 14.5900 -16.7300 10 77 54.6500 -17.0500
5.0360714224e-01 1.4826285077e+00 3.4379139277e+00
90 56 28
6 0 219 -43.8900 -30.5600 1 212 -43.1200 -44.1600 2 216 -47.9200 -56.7700 3 149 -61.8800 -64.2600 4 248 -30.0100 -76.3500 67 118 -54.9000 -45.3600
1.1184558031e+00 1.5310121073e+00 3.1958170293e+00
32 25 40
2 0 220 56.9200 -29.7300 1 213 57.9700 -42.4100
1.2138143611e+00 1.5632685897e+00 2.9285217070e+00
116 92 46
2 0 221 72.9800 -28.9300 1 216 74.7900 -40.7800
9.0811952262e-01 1.5019569478e+00 3.6063896645e+00
20 9 10
10 0 223 22.3300 -27.4100 1 217 23.2600 -40.8600 2 221 20.2300 -52.9300 3 246 10.3200 -59.0200 4 257 46.1600 -68.9500 5 269 43.4000 -71.0400 6 179 43.6000 -48.4400 7 302 21.2000 -54.0700 68 163 -9.0100 -48.0300 69 248 -33.0900 -47.2500
5.1680765925e-01 1.5011265637e+00 3.4536397511e+00
160 143 133
9 0 224 -41.4300 -27.4400 1 215 -40.4800 -41.5700 2 219 -45.2500 -54.0200 3 241 -58.6400 -61.3100 4 253 -26.7400 -71.6100 6 169 -33.5200 -55.9200 7 146 -57.6700 -61.4900 8 149 -52.4700 -43.9400 9 190 -72.5200 -25.9000
7.1213228341e-01 1.5204187391e+00 3.3845409459e+00
129 118 74
13 0 225 -10.0500 -26.3700 1 133 -8.7500 -40.3600 2 126 -13.1300 -52.4600 3 155 -25.1800 -59.8600 4 255 7.1100 -71.0800 5 159 3.0200 -76.8900 6 273 2.1800 -57.7700 7 280 -20.4000 -65.4200 8 142 -14.0900 -47.2100 68 278 -43.6800 -34.3700 69 148 -68.0700 -39.1900 9 180 -31.6800 -32.3400 10 211 -2.5600 -37.6900
5.8764909067e-01 1.5170699417e+00 3.4387941325e+00
54 42 8
11 0 226 -30.2800 -25.4500 1 219 -29.2600 -39.5000 2 222 -33.4100 -51.6100 3 248 -46.5800 -58.5900 5 264 -19.4400 -74.0500 6 170 -20.6100 -54.5700 7 147 -43.9200 -60.8700 67 193 -37.1100 -42.2900 68 280 -68.0600 -32.3800 69 146 -93.7900 -40.9200 66 200 -49.2900 -48.6200
5.8724398936e-01 1.5163070728e+00 3.4370880340e+00
54 42 8
4 0 227 -30.2800 -25.4500 1 220 -29.2600 -39.5000 6 171 -20.6100 -54.5700 7 148 -43.9200 -60.8700
9.2987499576e-01 1.5249842003e+00 3.6177799216e+00
34 23 33
