# Bundle file v0.3
70 2193
-3.6534440396e+03 -1.7285152630e-03 -4.5356365148e-07
9.9930543399e-01 2.8892046573e-02 2.3535064288e-02
-3.0930399514e-02 9.9533123188e-01 9.1427836214e-02
-2.0783647228e-02 -9.2092282487e-02 9.9553355117e-01
-1.1217098679e+00 -2.4871555445e+00 1.9248091653e+01
-4.6357345582e+03 6.2283046066e-04 8.6501108528e-07
9.9964478089e-01 1.7067168937e-02 2.0470070276e-02
-1.8742828084e-02 9.9623232040e-01 8.4675085993e-02
-1.8947781612e-02 -8.5028674792e-02 9.9619832666e-01
-1.0816530764e+00 -2.5614709744e+00 2.5156845805e+01
5.7911477089e+05 4.2641071200e-07 0.0000000000e+00
9.9962635122e-01 7.3299595104e-03 2.6333052225e-02
-9.5220927699e-03 9.9641094644e-01 8.4110377315e-02
-2.5622015830e-02 -8.4329695341e-02 9.9610843526e-01
-1.1055927034e+00 -2.6348740485e+00 -3.4453594111e+03
1.0271251458e+06 2.2521461474e-08 0.0000000000e+00
9.9904040773e-01 2.6018343071e-03 4.3720637883e-02
-7.5624749446e-03 9.9348820448e-01 1.1368375666e-01
-4.3140151731e-02 -1.1390530283e-01 9.9255453719e-01
-1.2160678874e+00 -2.7568327012e+00 -5.8737046969e+03
1.7278366116e+05 -2.4899342174e-06 2.8510029279e-37
9.9588221281e-01 1.3066431110e-03 9.0647178062e-02
-1.6111397912e-02 9.8652999283e-01 1.6278512250e-01
-8.9213457864e-02 -1.6357526077e-01 9.8248872411e-01
-1.1787119208e+00 -2.9488550731e+00 -9.6063820678e+02
9.8705824689e+05 -7.6656516584e-08 0.0000000000e+00
-9.9576020748e-01 6.2013154013e-03 -9.1777736306e-02
1.5190484223e-02 -9.7294128749e-01 -2.3055259765e-01
-9.0724078299e-02 -2.3096925073e-01 9.6872201732e-01
1.1882979528e+00 3.1615162722e+00 5.3312700701e+03
3.3865449616e+03 2.3047315150e-03 3.2694228423e-06
9.9735767877e-01 -4.8113887281e-03 7.2488006796e-02
-1.8598245694e-02 9.4764229783e-01 3.1879175117e-01
-7.0226532363e-02 -3.1929755072e-01 9.4504883909e-01
-1.1339380057e+00 -3.2831806625e+00 -2.0155055606e+01
2.4116447527e+03 2.2729230363e-02 1.1637156756e-04
9.9731946010e-01 2.6781425782e-03 7.3121283245e-02
-3.0263826525e-02 9.2494309328e-01 3.7889889811e-01
-6.6618280638e-02 -3.8009617433e-01 9.2254479726e-01
-1.2696486091e+00 -3.4530488346e+00 -1.4595836553e+01
1.9095188377e+03 1.2290376021e-02 6.6531957786e-05
9.9825793024e-01 -3.0866876252e-02 5.0282608019e-02
6.6082043676e-03 9.0536524018e-01 4.2458228119e-01
-5.8629654219e-02 -4.2351035149e-01 9.0399200540e-01
-1.0889297534e+00 -3.4955295713e+00 -1.1548126605e+01
1.3764588068e+03 1.5807919408e-02 2.9674786294e-04
9.9257736426e-01 -4.7363691219e-02 1.1201275250e-01
-1.8917117226e-02 8.4970399891e-01 5.2692054137e-01
-1.2013458554e-01 -5.2512836050e-01 8.4250097113e-01
-1.3257890559e+00 -3.6062180604e+00 -7.9509711432e+00
1.0764796907e+03 6.6109003473e-04 3.4516738082e-04
9.6727184640e-01 -1.4652504718e-01 2.0716077262e-01
4.8636703297e-03 8.2697806872e-01 5.6221314336e-01
-2.5369572301e-01 -5.4280538355e-01 8.0062525299e-01
-1.2765810281e+00 -3.7014815033e+00 -5.7079116696e+00
7.0546036651e+02 -2.1032725736e-01 -9.0062183211e-03
9.2013487965e-01 -1.9096534575e-01 3.4188307938e-01
-4.4514053761e-03 8.6788110849e-01 4.9675201713e-01
-3.9157628661e-01 -4.5860071767e-01 7.9771761514e-01
-1.6045036988e+00 -3.6279247406e+00 -4.1313914523e+00
7.2756960712e+02 -2.1848066875e-01 -9.8916101676e-03
8.5399850087e-01 -2.6446332991e-01 4.4804654629e-01
2.4334033339e-02 8.8053277936e-01 4.7336020037e-01
-5.1970608552e-01 -3.9334612189e-01 7.5840913303e-01
-1.6775100411e+00 -3.5642402119e+00 -4.0933416723e+00
6.4847105203e+02 -2.5342610965e-02 2.5351519628e-03
7.9426108743e-01 -2.9305716706e-01 5.3222816708e-01
4.1854848347e-02 9.0029550439e-01 4.3326224904e-01
-6.0613323343e-01 -3.2184701584e-01 7.2733554961e-01
-1.8149801779e+00 -3.4110385431e+00 -3.7511508933e+00
5.1274322897e+02 3.1287821348e-01 3.0301442860e-02
6.8421215531e-01 -3.4791492181e-01 6.4094378358e-01
7.8003325357e-02 9.0873949855e-01 4.1000976209e-01
-7.2509944680e-01 -2.3053791653e-01 6.4890913176e-01
-2.0502808144e+00 -3.4071761362e+00 -3.2023882208e+00
5.5180927275e+02 4.1884430564e-02 2.5536525922e-04
5.5510823359e-01 -4.1043549791e-01 7.2346219739e-01
1.0773780843e-01 8.9793010519e-01 4.2674827572e-01
-8.2477112803e-01 -1.5894724990e-01 5.4266781563e-01
-2.1074890598e+00 -3.4970384587e+00 -3.1418600337e+00
5.9829899575e+02 1.6193040027e-03 2.9832982043e-04
4.3806134768e-01 -4.2675620623e-01 7.9118986098e-01
1.4821433920e-01 9.0237401231e-01 4.0466486327e-01
-8.8664241119e-01 -6.0002352941e-02 4.5854656505e-01
-2.0751778195e+00 -3.4423724681e+00 -3.2839326983e+00
6.6041852047e+02 5.2026370028e-02 3.7101940657e-03
3.4255703649e-01 -4.1719367596e-01 8.4178626354e-01
1.5771321754e-01 9.0881749058e-01 3.8623478588e-01
-9.2616478974e-01 4.5337646199e-04 3.7711878326e-01
-2.1581403619e+00 -3.4621931863e+00 -3.6225500549e+00
7.7557241215e+02 7.4349408214e-02 3.9059883188e-03
1.7118807918e-01 -4.5939185580e-01 8.7158118633e-01
1.8472633843e-01 8.8391738423e-01 4.2961172905e-01
-9.6776589185e-01 8.7459594503e-02 2.3617789459e-01
-2.0959529789e+00 -3.5957428153e+00 -4.1969203601e+00
8.8842999895e+02 7.5707406535e-03 1.7042056291e-04
5.4158761778e-02 -4.7922767179e-01 8.7601807465e-01
1.8539217400e-01 8.6687798800e-01 4.6276591895e-01
-9.8117101993e-01 1.3734406616e-01 1.3579409836e-01
-1.8353062009e+00 -3.6965312529e+00 -4.7091911580e+00
7.5221172489e+04 -2.0267407329e-22 -2.9196116477e-22
-1.4583321397e-01 -4.0454023410e-01 9.0281774058e-01
2.1708151258e-01 8.7724831224e-01 4.2814835696e-01
-9.6519857573e-01 2.5842329166e-01 -4.0113734901e-02
-1.8843443331e+00 -3.5971654898e+00 -4.0471127130e+02
1.3607523779e+03 7.6884987864e-03 1.5342814624e-20
-1.6915678008e-01 -4.6333900019e-01 8.6988674818e-01
2.3918107245e-01 8.3692346865e-01 4.9229211064e-01
-9.5612676897e-01 2.9133499364e-01 -3.0749360153e-02
-1.6518950625e+00 -3.7158139851e+00 -7.2266626076e+00
3.5145249383e+02 -1.6161752687e-01 4.1908871548e-01
-3.2454152463e-01 -4.5859537470e-01 8.2726240159e-01
3.2014778663e-01 7.6972413286e-01 5.5229535034e-01
-8.9004392785e-01 4.4408900188e-01 -1.0298914946e-01
-1.3843134670e+00 -3.7735997946e+00 -1.9192896156e+00
3.2478868468e+02 1.1027422467e+00 1.2526199189e-01
-4.5072573787e-01 -4.7605933170e-01 7.5512503728e-01
6.7660832911e-02 8.2527150444e-01 5.6066831162e-01
-8.9009455729e-01 3.0380002743e-01 -3.3976053688e-01
-9.1456966664e-01 -3.7429085181e+00 -8.3808096220e-01
1.5576463707e+02 6.3099348826e-01 -1.9129298728e+00
-4.3193779242e-01 -4.9846210555e-01 7.5164171838e-01
8.7885818725e-02 8.0616647027e-01 5.8512537552e-01
-8.9761117771e-01 3.1879641080e-01 -3.0440601524e-01
-8.8477383430e-01 -3.7884553079e+00 3.4893668344e-02
3.1720165447e+02 3.0663513770e+00 4.4208889133e-01
-4.9846669651e-01 -4.4673269067e-01 7.4294068105e-01
5.8354117787e-02 8.3776548138e-01 5.4290311764e-01
-8.6494262781e-01 3.1397277159e-01 -3.9152949990e-01
-9.5558324814e-01 -3.6818083741e+00 -6.2693718657e-01
4.5293688106e+02 1.2722222629e-01 3.8374554438e-04
4.2825149932e-01 6.2612469352e-01 -6.5158922758e-01
-1.2463778366e-01 7.5509067862e-01 6.4366411268e-01
8.9502294731e-01 -1.9443748412e-01 4.0140750933e-01
6.3090885628e-01 -3.6050198847e+00 -4.7974458840e+00
2.5605940665e+02 1.2433881203e-01 7.3144012450e-01
6.0746549852e-01 4.7892283448e-01 -6.3373384533e-01
-1.6582034092e-01 8.5668410399e-01 4.8846285480e-01
7.7684572641e-01 -1.9163836931e-01 5.9982118399e-01
6.7812900168e-01 -3.3646699074e+00 -4.1656795579e+00
3.5650176026e+02 -6.3608230496e-01 -1.9390172208e-02
6.8238422473e-01 4.5539405814e-01 -5.7181117657e-01
-1.8879749143e-01 8.6549363675e-01 4.6397874086e-01
7.0619209644e-01 -2.0865525766e-01 6.7657646011e-01
4.3733933559e-01 -3.2431466604e+00 -4.7009802312e+00
3.1516575796e+02 -7.0536627902e-01 -1.4097195539e-01
7.4765468411e-01 4.2540942141e-01 -5.0994048428e-01
-2.1942278829e-01 8.8300276029e-01 4.1492139653e-01
6.2679032643e-01 -1.9832536273e-01 7.5352567122e-01
3.4853000989e-01 -3.0127812129e+00 -4.5995999249e+00
5.4559627665e+02 -5.7838753663e-01 -1.4386174824e-02
8.6468100521e-01 3.5861082509e-01 -3.5174569701e-01
-2.0086198862e-01 8.8866036767e-01 4.1223441446e-01
4.6041418393e-01 -2.8579892768e-01 8.4043902347e-01
-2.4267884584e-01 -3.1242424336e+00 -6.0008413130e+00
4.7519655175e+02 -2.5056156199e-04 -4.4860544994e-03
9.3500429384e-01 2.5661692792e-01 -2.4477484104e-01
-1.4635329232e-01 9.0790975138e-01 3.9278568860e-01
3.2302892181e-01 -3.3143270153e-01 8.8645624823e-01
-4.3926291568e-01 -3.1570985322e+00 -5.6951422062e+00
3.5164083266e+02 1.9976871481e+00 6.4582458900e-02
-9.8464440115e-01 -3.0757721804e-02 -1.7184110635e-01
1.0052645640e-01 -9.0466898192e-01 -4.1408750852e-01
-1.4272293035e-01 -4.2500352433e-01 8.9386921273e-01
1.5645538915e+00 3.2404776365e+00 4.0699722534e-01
6.7839033902e+02 1.0211840003e+00 1.0521758837e-02
9.9496614797e-01 3.8454518348e-02 9.2539799097e-02
-5.9459807688e-02 9.6986541563e-01 2.3627443118e-01
-8.0665331264e-02 -2.4058745931e-01 9.6726975490e-01
-1.3416249459e+00 -2.7939178429e+00 -7.0359899872e+00
2.0127363365e+03 -3.5969174376e-04 -2.7633361695e-07
9.9226264855e-01 1.6479835484e-02 1.2305791851e-01
-5.0472058943e-02 9.5909943568e-01 2.7853337996e-01
-1.1343459592e-01 -2.8258925582e-01 9.5251031750e-01
-1.4592866698e+00 -2.9099575439e+00 -1.5113543598e+01
6.2812531917e+04 1.1028747844e-20 6.7130379169e-21
9.5570655153e-01 -8.4615750368e-02 2.8189565828e-01
1.5059400913e-02 9.7058624931e-01 2.4028222386e-01
-2.9393571034e-01 -2.2539411582e-01 9.2886989979e-01
-1.6385210615e+00 -2.8282834464e+00 -3.9168185981e+02
3.0427957053e+04 -2.7170081821e-03 2.5108641884e-21
9.1549743927e-01 -1.6698267385e-01 3.6603445920e-01
6.9934186469e-02 9.6199932440e-01 2.6394414071e-01
-3.9619900082e-01 -2.1604186280e-01 8.9238571552e-01
-1.6873747160e+00 -2.8599167231e+00 -1.7992050819e+02
1.0552257007e+04 -2.2806716652e-03 1.3899684891e-23
-8.8561322295e-01 2.0360194459e-01 -4.1741522192e-01
-1.0305239348e-01 -9.6252571862e-01 -2.5084745405e-01
-4.5284591588e-01 -1.7913818455e-01 8.7340717155e-01
1.8050165362e+00 2.8057464090e+00 5.8193363478e+01
2.2659736140e+03 9.9148179327e-03 3.8320460466e-23
-8.1648513043e-01 2.4157266324e-01 -5.2439935180e-01
-1.0883651222e-01 -9.5637502849e-01 -2.7111145030e-01
-5.6701556010e-01 -1.6428467140e-01 8.0715791599e-01
2.0648423180e+00 2.8258027055e+00 1.1001732587e+01
2.1582687883e+03 -3.2418683647e-01 -9.4819167998e-04
-7.4450423844e-01 3.0745137497e-01 -5.9261040404e-01
-1.4322836066e-01 -9.4053703426e-01 -3.0801903169e-01
-6.5207290670e-01 -1.4444285793e-01 7.4426956484e-01
2.0982571396e+00 3.0174327379e+00 1.0599381229e+01
0 0 0
0 0 0
0 0 0
0 0 0
0 0 0
2.3013095715e+02 -6.8693891441e-01 -1.2345000886e-01
8.5715560465e-01 -2.7709274030e-01 4.3417033834e-01
2.2674761598e-01 9.5988297785e-01 1.6495510747e-01
-4.6246058002e-01 -4.2945105737e-02 8.8559919254e-01
-1.6623846384e+00 -2.5663341500e+00 -3.7446433465e+00
0 0 0
0 0 0
0 0 0
0 0 0
0 0 0
0 0 0
0 0 0
0 0 0
0 0 0
0 0 0
0 0 0
0 0 0
0 0 0
0 0 0
0 0 0
0 0 0
0 0 0
0 0 0
0 0 0
0 0 0
0 0 0
0 0 0
0 0 0
0 0 0
0 0 0
0 0 0
0 0 0
0 0 0
0 0 0
0 0 0
0 0 0
0 0 0
0 0 0
0 0 0
0 0 0
0 0 0
0 0 0
0 0 0
0 0 0
0 0 0
0 0 0
0 0 0
0 0 0
0 0 0
0 0 0
0 0 0
0 0 0
0 0 0
0 0 0
0 0 0
0 0 0
0 0 0
0 0 0
0 0 0
0 0 0
0 0 0
0 0 0
0 0 0
0 0 0
0 0 0
0 0 0
0 0 0
0 0 0
0 0 0
0 0 0
6.3586971247e+02 -1.6245667274e+00 -3.5949439994e-02
-4.9416730396e-02 -5.6576772017e-01 8.2308254360e-01
2.5185043663e-01 -8.0451827643e-01 -5.3788632672e-01
9.6650367011e-01 1.8071311439e-01 1.8224551012e-01
-9.7759267975e-01 3.3548495050e+00 2.6996228983e+00
8.5409406524e+02 -2.0303389186e-02 -1.8593959087e-04
5.5278543641e-02 9.8912580309e-02 -9.9355955235e-01
-7.0697582343e-01 -6.9880287564e-01 -1.0890236948e-01
-7.0507408667e-01 7.0844254704e-01 3.1299997654e-02
2.6500312999e+00 2.6099075489e+00 -7.2510144669e+00
4.0077491025e+06 1.1143708585e-09 -1.2261880891e-47
-2.6413279431e-01 -5.0102809564e-01 8.2413877129e-01
2.4922325060e-01 -8.6091994070e-01 -4.4351395364e-01
9.3173045369e-01 8.8247963636e-02 3.5226504025e-01
-1.0464737359e+00 3.1007179058e+00 2.7431850106e+04
1.8766827499e+03 5.0783534486e-03 4.9495467605e-05
3.9221528295e-01 4.8984763452e-01 -7.7859904109e-01
-2.7003706079e-01 8.7044032983e-01 4.1159885569e-01
8.7934473196e-01 4.8815234941e-02 4.7367701571e-01
6.7978758881e-01 -3.1283808534e+00 -1.4105266348e+01
1.3727081939e+03 5.1828034715e-04 -1.2196369823e-05
4.6494276378e-01 5.0529452620e-01 -7.2698395320e-01
-3.0456696881e-01 8.6230357357e-01 4.0456335538e-01
8.3130450974e-01 3.3316494430e-02 5.5481782891e-01
6.5182458246e-01 -2.9783568608e+00 -1.0751395486e+01
1.2608631990e+03 -4.4261460566e-03 -2.4839522961e-04
5.0157207870e-01 4.9948945842e-01 -7.0635382833e-01
-3.4088090832e-01 8.6453675509e-01 3.6929176194e-01
7.9512618887e-01 5.5556097912e-02 6.0389391764e-01
6.4538946547e-01 -2.7156467150e+00 -9.9489300192e+00
9.8906739034e+02 1.8838565432e-01 5.1167606535e-03
5.8336121817e-01 4.9783277290e-01 -6.4175713425e-01
-3.7620241618e-01 8.6588306329e-01 3.2972452557e-01
7.1983430815e-01 4.9082083605e-02 6.9240849062e-01
4.6213098040e-01 -2.6144563556e+00 -8.2084844758e+00
9.5879660603e+02 2.1753273231e-01 6.7262748893e-03
6.9297445061e-01 4.3274814736e-01 -5.7664152796e-01
-3.7075571596e-01 8.9986141678e-01 2.2975993922e-01
6.1832565035e-01 5.4575374902e-02 7.8402482012e-01
2.7898288307e-01 -2.4378229430e+00 -8.1891963137e+00
1.0293675716e+03 6.5199470079e-02 1.3244415744e-03
7.3790722388e-01 4.1495689025e-01 -5.3226281870e-01
-3.7901655943e-01 9.0733360963e-01 1.8191252985e-01
5.5842580225e-01 6.7501852362e-02 8.2680355787e-01
7.6046765845e-02 -2.3074271107e+00 -8.6815181583e+00
1.0112713460e+03 -1.5745998770e-02 -6.9150350899e-04
7.8183217419e-01 3.8984521745e-01 -4.8657903555e-01
-3.8026597627e-01 9.1661119295e-01 1.2337628721e-01
4.9410144575e-01 8.8569901112e-02 8.6488099408e-01
-9.1754421728e-02 -2.1516479280e+00 -8.5192750596e+00
8.7981664432e+02 1.1966861829e-01 5.8104317615e-03
8.1420739486e-01 3.6814210112e-01 -4.4892951734e-01
-3.9358790875e-01 9.1844528704e-01 3.9329541116e-02
4.2679605932e-01 1.4467082669e-01 8.9270122418e-01
-1.2724854285e-01 -1.9402485226e+00 -7.7094750241e+00
1.0673705310e+03 5.9484389485e-02 2.0440296365e-03
8.9360658021e-01 3.2144922805e-01 -3.1326933075e-01
-3.4411148069e-01 9.3875001031e-01 -1.8322308520e-02
2.8819189554e-01 1.2417250872e-01 9.4948755622e-01
-5.7071212015e-01 -1.8288445212e+00 -8.6949198627e+00
1.9807033580e+03 -4.6213314297e-03 -1.4564755011e-05
9.6337913067e-01 2.2315544220e-01 -1.4866842031e-01
-2.3165902621e-01 9.7187470361e-01 -4.2351576904e-02
1.3503609206e-01 7.5241006818e-02 9.8797977952e-01
-9.1899780474e-01 -1.8884219256e+00 -1.3262340315e+01
1.6148665399e+05 -4.3831274025e-06 2.9346189518e-41
9.8756211799e-01 1.4888663561e-01 -5.0535461348e-02
-1.5038501355e-01 9.8825191133e-01 -2.7248990010e-02
4.5884755821e-02 3.4509846327e-02 9.9835046937e-01
-1.2773691127e+00 -1.9926514945e+00 -8.1546319064e+02
3.3434924461e+04 2.2585886008e-05 1.6548098907e-09
-9.9961419351e-01 -8.0409310235e-03 2.6585852740e-02
9.3245320742e-03 -9.9877891083e-01 4.8515362367e-02
2.6163280361e-02 4.8744545462e-02 9.9846855336e-01
1.2087261292e+00 2.1004914478e+00 1.6706827791e+02
7.4251771463e-01 2.2434942704e+00 3.6469744553e+00
62 32 36
5 0 2 -35.8100 9.8000 1 2 -36.7700 -4.9200 2 2 -42.6300 -17.3700 3 1 -54.8400 -21.1100 4 0 -18.8800 -27.7700
5.1363904123e-01 2.4901771097e+00 5.8446171806e+00
65 85 84
2 0 3 -58.6900 75.4500 1 4 -61.2100 60.5700
8.7050042503e-01 2.2836476797e+00 3.5600648115e+00
49 40 45
5 0 4 -16.8800 13.8900 1 3 -16.1900 -0.0700 2 3 -20.9700 -11.6100 3 2 -32.2700 -15.7600 4 4 2.7100 -23.7200
1.4195654408e+00 2.1504496147e+00 3.1684506026e+00
204 195 182
5 0 7 71.2200 -16.5500 1 5 72.2400 -28.8600 3 8 60.2800 -47.6000 4 15 94.8200 -60.2300 5 14 93.5400 -67.0200
1.2229975141e+00 2.1008643038e+00 3.5877051025e+00
159 144 138
11 0 8 39.9700 -16.2900 1 6 40.6700 -29.6800 2 8 37.7400 -40.6100 3 3 29.6500 -45.5600 4 9 65.1600 -55.5200 5 9 63.4300 -56.3500 6 10 64.1200 -33.1600 7 10 42.0500 -38.1700 67 7 42.7300 -60.9300 68 4 12.4400 -43.3400 69 5 -12.0500 -36.6200
4.1501648013e-01 2.3798805816e+00 2.9076870638e+00
214 208 207
6 0 9 -94.9100 22.5300 1 7 -94.5300 8.0900 2 9 -100.7500 -3.7000 3 4 -117.8100 -11.2700 4 10 -90.2200 -24.0500 5 10 -95.1800 -34.2800
8.9576492160e-01 2.6947520959e+00 3.0553099304e+00
72 87 83
3 0 10 -12.3400 74.1300 1 8 -11.7700 60.1200 2 10 -19.9900 50.6000
1.2995659822e+00 1.9700790872e+00 3.3473086818e+00
36 33 41
11 0 11 50.4300 -42.9500 1 9 51.8700 -56.1000 2 12 49.0900 -67.9900 3 6 40.8200 -74.9900 4 7 75.1800 -87.4700 5 7 73.6700 -91.5400 6 4 75.3000 -70.8200 7 5 54.2200 -76.9000 67 14 57.5500 -86.1200 68 12 26.8900 -66.2500 66 16 38.9300 -106.6700
1.2974134888e+00 1.9711551889e+00 3.3558576839e+00
36 33 41
14 0 12 50.4300 -42.9500 1 10 51.8700 -56.1000 2 13 49.0900 -67.9900 3 7 40.8200 -74.9900 4 8 75.1800 -87.4700 5 8 73.6700 -91.5400 6 5 75.3000 -70.8200 7 7 54.2200 -76.9000 8 7 64.1500 -55.1000 67 15 57.5500 -86.1200 68 13 26.8900 -66.2500 69 12 4.1200 -60.0000 9 3 51.8400 -40.3300 10 2 91.4700 -42.2600
1.1824506177e+00 1.9379587362e+00 3.3751798747e+00
49 53 59
8 0 13 31.7300 -46.8800 1 13 33.2200 -60.5700 2 16 29.9200 -72.4500 3 17 20.4200 -79.9300 4 13 56.8600 -91.6500 67 20 30.7200 -86.0600 68 17 1.4100 -69.1300 69 15 -19.8300 -66.4500
1.0810306404e+00 2.3480428930e+00 3.2560562244e+00
62 86 138
3 0 15 16.9800 18.4900 1 16 17.2800 5.0800 2 15 13.1600 -4.7100
1.1822448725e+00 2.3824677969e+00 3.1550855508e+00
213 215 227
3 0 16 33.5600 22.8100 1 17 33.8700 9.3500 2 18 29.6900 -1.4400
4.2441400887e-01 2.4634978831e+00 3.0530279005e+00
177 120 38
4 0 17 -91.6100 38.1800 1 18 -91.4500 23.8700 2 19 -97.7500 11.9400 3 13 -114.7800 6.2200
1.0759243838e+00 2.4872092258e+00 3.3323089101e+00
175 123 29
4 0 18 16.7100 43.2900 1 19 16.5500 29.6000 2 20 12.3800 18.9600 3 14 3.1500 13.9800
2.7921837230e-01 2.8666870030e+00 2.6090259154e+00
70 28 17
2 0 19 -118.3500 100.5100 1 20 -117.9300 86.3900
1.1523623659e+00 1.9866161336e+00 3.4379834042e+00
151 119 88
11 0 21 27.1000 -37.3000 1 22 28.1600 -50.9500 2 22 25.0300 -63.0900 3 26 15.5500 -69.9600 4 27 51.1300 -81.1100 5 24 48.7900 -84.4000 6 26 48.8200 -62.4600 7 18 26.9600 -68.4200 8 17 35.5300 -46.7700 9 19 24.3500 -28.3300 10 34 64.8600 -30.2100
1.3377051525e+00 2.0676078262e+00 3.4903647059e+00
13 29 82
2 0 22 57.9400 -24.5900 1 23 59.0800 -37.6900
1.3251744515e+00 2.1048190426e+00 3.4938415039e+00
2 31 102
5 0 23 56.4500 -18.8300 1 24 57.3700 -31.5900 2 23 54.7200 -43.1900 3 27 46.3100 -48.5800 4 30 82.9900 -58.3800
1.4500255871e+00 2.1571816030e+00 3.0986846000e+00
209 198 196
13 0 24 76.2200 -16.8900 1 25 77.5700 -29.6400 2 24 74.2200 -40.3400 3 28 65.5700 -47.7900 4 41 100.0100 -62.1800 5 49 98.6700 -69.4900 67 16 100.3000 -51.4700 68 20 63.1200 -30.0900 69 17 33.9000 -20.5100 66 18 94.0100 -75.4900 65 14 99.9300 -89.9500 63 10 77.9800 -67.7400 64 14 76.6200 -70.9400
1.0142085654e+00 2.2556269608e+00 3.1640018804e+00
88 23 19
3 0 25 5.2300 2.7900 1 26 5.0400 -10.1900 3 19 -9.5300 -29.4000
9.2966506725e-01 2.2643303075e+00 3.2564148763e+00
20 13 31
4 0 26 -8.5100 5.9700 1 27 -7.7500 -7.5900 2 25 -12.4500 -19.2300 3 29 -24.1000 -25.4000
9.2966506725e-01 2.2643303075e+00 3.2564148763e+00
20 13 31
4 0 27 -8.5100 5.9700 1 28 -7.7500 -7.5900 2 26 -12.4500 -19.2300 3 30 -24.1000 -25.4000
6.3745186167e-01 2.3109918910e+00 3.2014300429e+00
233 231 216
4 0 28 -56.3400 14.0400 1 29 -55.7100 -0.1100 2 27 -61.1300 -11.8900 3 10 -76.6300 -17.3300
6.4726824608e-01 2.3324717916e+00 2.9414922439e+00
233 231 216
3 0 29 -56.3400 14.0400 1 30 -55.7100 -0.1100 2 28 -61.1300 -11.8900
1.0806774871e+00 2.0519640789e+00 3.4012013266e+00
138 110 95
5 0 30 15.9100 -27.1600 1 54 16.9200 -40.9200 2 29 13.3600 -52.9700 3 40 3.1100 -59.4100 4 29 37.5300 -69.9900
1.1143751967e+00 2.1101494161e+00 3.5628794851e+00
6 27 89
7 0 31 22.2000 -15.4700 1 33 23.0100 -29.1100 2 31 19.6300 -40.5300 3 45 10.0100 -46.3700 4 44 46.5000 -55.2400 5 31 43.6500 -56.0600 6 36 43.5500 -32.6000
1.0769283330e+00 2.1159566997e+00 3.4833892758e+00
130 111 95
5 0 32 16.0500 -15.9700 1 60 16.8700 -29.3900 3 42 3.1800 -46.4400 4 31 38.1400 -55.9500 5 28 35.0000 -58.4400
1.0431772175e+00 2.1521661727e+00 3.2408691137e+00
59 27 11
5 0 33 8.9900 -12.5800 1 34 9.9000 -26.0600 2 32 6.1000 -37.9400 3 46 -4.3700 -45.4500 4 42 29.6100 -58.1300
6.9099797789e-01 2.2662680723e+00 2.8688394140e+00
155 117 77
3 0 34 -49.6300 1.3200 1 35 -49.1000 -11.9600 2 33 -54.2700 -23.9700
1.5259806456e+00 2.3168998972e+00 2.9184985287e+00
23 19 18
15 0 35 89.4700 5.2500 1 36 89.9600 -6.6800 2 35 86.6000 -17.2700 3 48 76.7400 -24.3700 4 47 108.5900 -39.1100 5 51 106.9800 -48.2700 6 60 109.6000 -35.8700 7 58 88.2700 -47.2300 8 57 97.9200 -27.9200 67 23 125.8200 -22.2400 68 31 83.5900 -1.0500 69 28 49.7000 9.9200 9 79 82.9200 -22.1200 66 26 129.2000 -46.8200 65 27 143.8200 -63.5000
1.3220310462e+00 2.2567850593e+00 3.5078359173e+00
185 162 121
4 0 36 56.9500 6.1800 1 37 56.9000 -6.6700 2 34 54.2000 -17.5800 3 49 46.2500 -21.8000
1.1950538285e+00 2.2806013834e+00 3.5565092184e+00
18 71 167
6 0 37 36.1800 11.6000 1 38 36.4700 -1.6200 2 37 33.4300 -12.6800 3 54 24.2000 -16.6800 4 54 61.0100 -25.3600 5 90 58.0400 -26.0100
2.4620176394e-01 2.3242297760e+00 2.9694436609e+00
238 234 226
10 0 39 -122.3100 14.8700 1 39 -121.6900 0.2600 2 38 -128.7700 -11.8200 3 51 -146.9300 -19.3300 4 51 -119.6400 -31.1000 5 54 -126.9600 -40.0400 6 61 -127.7100 -25.8200 7 60 -152.5100 -34.9500 8 58 -148.8200 -24.8900 67 39 -116.4800 34.3900
2.4464340018e-01 2.3255274523e+00 2.9696322187e+00
238 234 226
9 0 40 -122.3100 14.8700 1 40 -121.6900 0.2600 2 39 -128.7700 -11.8200 3 52 -146.9300 -19.3300 4 52 -119.6400 -31.1000 5 55 -126.9600 -40.0400 6 62 -127.7100 -25.8200 7 61 -152.5100 -34.9500 8 59 -148.8200 -24.8900
9.1549048221e-01 2.3235698139e+00 3.4816946383e+00
30 18 24
5 0 41 -9.3100 18.7400 1 41 -8.9500 5.0200 2 40 -13.4500 -6.2600 3 58 -25.0900 -10.4500 4 59 8.9000 -18.4900
9.1629745728e-01 2.3233686898e+00 3.4774323206e+00
30 18 24
4 0 42 -9.3100 18.7400 1 42 -8.9500 5.0200 2 41 -13.4500 -6.2600 3 59 -25.0900 -10.4500
2.7623149174e-01 2.3657065429e+00 2.9052696149e+00
97 102 132
9 0 43 -117.1600 20.8300 1 43 -116.7300 6.2500 2 64 -123.9900 -6.4500 3 57 -141.6300 -13.3900 4 84 -114.6300 -25.9400 5 82 -121.7500 -35.8700 6 130 -122.3400 -22.8000 7 112 -147.0900 -32.6900 8 103 -143.0200 -22.8200
1.3227513026e+00 1.9979882478e+00 3.3768441481e+00
23 20 58
6 0 46 54.9600 -37.6900 1 50 56.1400 -50.9700 2 48 53.5700 -62.4300 3 34 44.8400 -69.2700 4 36 80.6100 -80.8800 5 63 79.7600 -85.4400
1.3018414898e+00 2.0315788191e+00 3.4253893517e+00
0 0 255
0
1.0540183834e+00 2.0535492823e+00 3.2134234512e+00
80 47 19
7 0 48 10.4700 -30.8300 1 214 11.9200 -42.6800 2 74 7.7400 -55.2900 3 96 -2.9100 -62.4500 4 98 30.0000 -75.0400 5 101 26.8000 -81.1500 6 107 26.7500 -63.3500
7.3551709691e-01 2.0376739490e+00 3.3191822124e+00
150 135 129
20 0 49 -40.2400 -29.4600 1 52 -39.4700 -43.5500 2 52 -44.2000 -56.1700 3 71 -57.6600 -63.5700 4 64 -25.7100 -73.9900 5 44 -31.1000 -79.0800 6 53 -32.8200 -58.5500 7 52 -56.7000 -64.7300 8 48 -51.0600 -47.5900 67 72 -50.0800 -44.9200 68 74 -81.3500 -36.6600 69 65 -106.1600 -46.0600 9 30 -70.9600 -30.4800 10 45 -45.3900 -36.4300 66 88 -62.1100 -49.4800 65 143 -57.0600 -49.2100 63 135 -57.5200 -25.0500 64 80 -66.4800 -30.8200 62 90 -45.9200 -20.8900 60 130 -54.9000 6.5800
8.2666015026e-01 2.0533932461e+00 3.2959083180e+00
167 134 21
22 0 50 -25.1200 -27.0800 1 55 -24.1600 -41.0200 2 30 -28.5900 -53.2100 3 37 -41.4600 -60.7900 4 38 -9.1300 -71.7000 5 46 -14.1900 -77.1100 6 55 -15.5600 -57.7900 7 30 -38.7300 -64.6000 8 28 -32.4700 -46.5700 67 51 -30.9600 -44.8500 68 49 -62.6900 -34.9400 69 67 -87.1900 -41.9400 9 28 -51.1400 -30.8900 10 32 -23.7500 -36.5300 66 64 -43.6500 -51.8700 11 36 -28.5600 -55.1500 12 42 -9.7200 -46.0700 13 44 -1.1000 -26.6700 65 68 -38.9800 -53.0700 63 57 -42.3900 -29.3900 64 59 -50.4400 -34.5500 62 59 -31.6400 -25.4500
7.0775671079e-01 2.0704442895e+00 3.2372748584e+00
94 69 45
7 0 51 -45.0400 -25.1200 1 57 -44.0900 -39.2600 2 53 -49.0500 -51.7800 3 73 -63.0600 -59.2300 4 39 -31.9600 -70.3400 5 25 -37.9100 -75.9900 6 29 -40.1200 -57.1400
9.3201444725e-01 2.0938082145e+00 3.2676248777e+00
35 20 22
13 0 52 -8.2500 -21.5900 1 58 -7.5300 -35.5200 2 55 -11.7100 -47.3300 3 41 -23.5500 -54.8100 4 40 8.8500 -66.1300 5 48 4.8600 -71.4900 6 58 3.9900 -52.7000 7 56 -18.5700 -59.8300 8 50 -11.7600 -41.9800 67 52 -8.8800 -41.8100 68 52 -41.1600 -29.7800 69 40 -67.0800 -33.8600 66 65 -20.3100 -51.1100
7.3915679046e-01 2.0817006356e+00 3.3487415426e+00
146 129 109
13 0 53 -39.6000 -21.8400 1 82 -38.5900 -35.9200 2 77 -43.4300 -48.4500 3 76 -56.9400 -55.2400 4 69 -24.6800 -65.5500 5 68 -30.0700 -69.6900 6 73 -31.5400 -48.8100 7 78 -55.1100 -54.7500 8 52 -49.9300 -36.9300 67 76 -48.3700 -36.3400 69 68 -105.6700 -37.5800 9 49 -69.2500 -18.6500 10 76 -43.7900 -22.9300
8.9577941613e-01 2.1225384052e+00 3.3268997932e+00
157 136 115
13 0 54 -14.0800 -16.1200 1 59 -13.4400 -30.0400 2 56 -17.7600 -41.8600 3 77 -29.9400 -48.7700 4 70 3.0200 -59.5300 5 50 -0.7300 -63.9600 6 33 -0.6300 -43.9000 7 34 -23.0800 -50.5900 67 77 -16.6600 -34.6100 68 80 -48.9000 -23.6100 69 69 -75.4200 -29.0600 66 67 -28.4100 -43.3900 65 71 -24.1500 -45.2500
1.3341435525e+00 2.1697037539e+00 3.4714381072e+00
5 24 81
4 0 55 58.1000 -8.4600 1 61 58.8900 -21.5400 2 58 56.1300 -32.6900 3 47 47.9100 -37.5800
1.2416318855e+00 2.2077451634e+00 3.5849710170e+00
52 58 23
20 0 56 43.2800 -0.2600 1 64 43.7500 -13.2400 2 60 40.4200 -24.6100 3 78 32.4700 -28.7100 4 75 70.1300 -37.2000 5 79 67.7900 -37.3000 6 93 68.2800 -13.5200 7 90 46.5200 -17.9900 8 62 53.0400 6.8500 67 73 50.3000 -38.4100 68 82 19.4700 -19.8100 69 72 -9.1800 -16.5100 66 62 28.9500 -57.0400 65 93 21.9200 -62.3800 63 84 0.2200 -25.8300 64 61 -1.0200 -34.3200 62 92 5.9700 -18.8900 61 94 -3.1300 2.4100 60 94 -31.3400 17.7300 59 120 -47.0700 -0.6900
1.1452026231e+00 2.2597764939e+00 3.5911241411e+00
228 214 203
10 0 57 27.8300 9.0900 1 65 28.5600 -4.4400 2 36 25.2200 -15.7000 3 50 15.9600 -19.8800 4 82 53.0400 -28.2100 5 89 50.6100 -28.2600 67 35 32.4800 -22.4800 68 28 0.8400 -6.4000 69 26 -28.0100 -5.5600 66 40 12.4700 -37.5300
1.4575508086e+00 2.3430177787e+00 2.8718013374e+00
12 8 13
8 0 58 78.8200 10.0400 1 107 79.1800 -2.2400 2 61 75.5300 -12.8400 3 127 65.1300 -20.0300 67 54 114.4300 -13.4100 68 56 72.4400 6.2200 69 49 38.2900 15.5000 66 42 118.2100 -35.7800
9.5228445498e-01 2.2859771172e+00 3.4361215692e+00
237 215 112
3 0 59 -3.9900 11.9000 1 66 -3.1500 -1.7200 2 62 -7.7700 -13.0900
8.4297061743e-01 2.3316521761e+00 3.2016530118e+00
24 27 29
2 0 60 -22.6000 16.6300 1 69 -21.9000 2.6200
1.0662734845e+00 2.3411582156e+00 3.5232868509e+00
29 63 141
3 0 61 15.2600 21.7000 1 44 15.8000 7.9500 2 43 11.7700 -2.8500
1.1848385814e+00 2.3871884627e+00 3.1020384499e+00
214 217 228
3 0 62 33.8700 22.8000 1 71 34.1900 9.6100 2 106 29.9200 -1.5900
2.6046435598e-01 2.4036174898e+00 2.8781149242e+00
238 233 221
6 0 64 -120.6100 26.5200 1 45 -120.1100 12.0600 2 44 -127.0900 0.0800 3 60 -144.7700 -7.2600 4 56 -118.1100 -20.2000 5 85 -125.0100 -30.7800
2.5951798332e-01 2.4053489730e+00 2.8563683684e+00
238 233 221
9 0 65 -120.6100 26.5200 1 46 -120.1100 12.0600 2 45 -127.0900 0.0800 3 61 -144.7700 -7.2600 4 57 -118.1100 -20.2000 5 86 -125.0100 -30.7800 6 135 -125.7500 -18.8700 7 116 -150.0300 -29.0900 8 105 -146.5900 -19.8500
4.4723937087e-01 2.4147636660e+00 3.0176019943e+00
249 236 227
3 0 66 -88.5200 29.5700 1 47 -88.2900 15.1500 2 68 -94.3900 3.5200
1.1258634173e+00 2.4659020215e+00 2.8227517801e+00
244 232 98
4 0 67 23.3400 32.1600 1 72 23.8300 19.0200 2 69 19.0100 8.2300 3 86 7.0800 0.5900
1.1258634173e+00 2.4659020215e+00 2.8227517801e+00
244 232 98
4 0 68 23.3400 32.1600 1 73 23.8300 19.0200 2 70 19.0100 8.2300 3 87 7.0800 0.5900
1.0665199520e+00 2.5481840202e+00 2.8061928067e+00
165 116 42
3 0 70 14.1200 46.2200 1 74 14.1900 32.2600 2 112 8.9600 21.7000
9.9298164167e-01 2.3661894604e+00 5.2014648790e+00
218 218 193
2 0 71 9.2100 47.3200 1 75 8.9600 33.4300
3.2303314635e-01 2.6672191305e+00 2.5074168132e+00
43 6 0
8 0 72 -112.1000 65.8800 1 119 -111.0300 50.8000 2 71 -118.2900 39.7600 3 368 -134.4100 30.6600 4 144 -114.8600 15.0700 5 137 -119.8900 0.4100 6 227 -116.9600 6.4900 7 383 -137.6100 -7.4600
1.0905122436e+00 1.9198597328e+00 3.3808291462e+00
54 35 38
3 0 74 16.4900 -48.5900 1 76 17.7700 -62.3300 4 91 39.5800 -94.8800
1.4115293339e+00 2.0951775858e+00 3.1814579184e+00
240 232 224
13 0 76 69.9400 -25.7300 1 81 71.0000 -38.3800 2 76 68.1600 -49.6400 3 97 59.3300 -56.8600 4 101 93.3900 -70.1600 67 46 88.5700 -63.2500 68 46 53.3100 -42.0300 69 41 26.3400 -33.3600 66 33 78.3000 -86.3600 65 39 81.0800 -99.4900 63 35 58.9100 -73.6200 64 33 57.9500 -78.1700 62 38 66.5600 -71.1600
1.1407230278e+00 2.0537157674e+00 3.4998612524e+00
25 26 16
29 0 77 25.9500 -25.9400 1 80 26.9700 -39.3600 2 75 23.7800 -51.3000 3 75 14.1800 -57.2600 4 67 50.1600 -67.4400 5 67 47.6500 -69.6100 6 76 47.6000 -46.8100 7 82 25.7100 -51.6700 8 56 33.2200 -29.2700 67 67 24.6900 -63.4700 68 72 -4.4500 -46.9800 69 64 -28.0900 -45.5500 9 56 22.5100 -8.5600 10 54 62.8000 -7.3600 66 82 3.0500 -78.9900 11 80 64.8000 -29.0300 12 71 82.4100 -18.8900 13 104 89.2300 -0.1800 63 78 -19.1600 -47.6300 64 77 -21.8600 -56.4000 62 82 -12.3300 -41.8400 34 186 22.4400 -4.0900 32 104 30.5700 -8.5400 33 100 30.7000 -6.6800 41 420 45.8300 41.5700 35 164 42.5600 2.9800 37 142 43.4900 27.3400 38 121 37.2300 35.5600 39 277 34.8300 25.8100
7.7502281807e-01 2.0876210526e+00 3.3487050704e+00
23 12 28
23 0 78 -33.9500 -21.1200 1 83 -33.2600 -35.2100 2 78 -38.1700 -47.5500 4 104 -18.3300 -64.1300 5 69 -23.6400 -68.7800 6 75 -24.7400 -48.0200 7 81 -47.6800 -53.4600 8 53 -42.6500 -35.9600 67 74 -41.9200 -37.4100 68 78 -73.7100 -28.5400 69 38 -99.3900 -37.2100 9 50 -61.1300 -17.5000 10 50 -35.0800 -21.9600 66 69 -54.4300 -43.2300 11 58 -38.1900 -39.7400 12 67 -18.2900 -31.3900 13 69 -7.6400 -11.9700 14 85 -24.7600 -17.6200 65 73 -49.5900 -43.3300 63 90 -50.9800 -19.2100 64 62 -59.7300 -24.7100 62 94 -40.1700 -15.1600 61 95 -36.2800 1.8300
1.4514167680e+00 2.1358376843e+00 3.1267480579e+00
228 215 203
10 0 79 76.3300 -19.8900 1 85 77.3600 -32.4500 2 80 74.5600 -43.6000 3 101 65.7900 -50.7500 4 103 99.6100 -64.1400 67 68 99.1500 -56.8600 68 75 62.7800 -35.2300 69 96 34.4100 -25.7200 66 59 91.8800 -81.1000 65 61 96.7400 -95.6100
1.3766070597e+00 2.1303880313e+00 3.1601233534e+00
218 212 196
4 0 80 64.3400 -19.8200 1 86 65.2900 -32.5800 2 79 62.1400 -43.8100 3 100 52.8700 -50.8300
1.4786950580e+00 2.1625858081e+00 3.1376254433e+00
224 207 197
4 0 82 81.2400 -15.4900 1 87 82.2000 -27.9200 2 84 79.3600 -38.8100 3 103 70.5400 -45.8500
1.4789177623e+00 2.1664423161e+00 3.1001429917e+00
224 207 197
5 0 83 81.2400 -15.4900 1 88 82.2000 -27.9200 2 85 79.3600 -38.8100 3 104 70.5400 -45.8500 4 165 103.9500 -59.5100
1.3658016295e+00 2.1632394786e+00 3.2839863125e+00
200 202 220
4 0 84 62.7500 -12.4900 1 89 63.5300 -25.3500 2 87 60.9000 -36.0500 3 170 52.2600 -43.0200
1.4789686384e+00 2.1948829086e+00 3.0348441598e+00
111 104 88
21 0 85 80.8300 -11.2500 1 93 82.1600 -23.5900 2 88 78.7200 -34.4300 3 107 69.7300 -41.6200 4 109 101.8500 -55.4800 5 171 100.3300 -63.1100 6 176 102.2400 -48.6400 7 154 81.5100 -59.0900 8 279 90.7800 -38.9700 67 49 109.1800 -44.7200 65 42 114.5000 -85.1500 63 49 92.6200 -65.1800 64 52 90.7000 -67.4800 62 49 102.2100 -64.2200 61 48 94.7500 -55.5500 60 76 62.7000 -38.7300 59 62 42.4200 -55.7800 58 82 -5.3500 -62.7800 57 109 3.7300 -35.5200 56 99 -9.8000 -39.3300 55 178 -27.2700 -41.5000
1.4744387888e+00 2.1980576353e+00 3.0444741480e+00
111 104 88
9 0 86 80.8300 -11.2500 1 94 82.1600 -23.5900 2 89 78.7200 -34.4300 3 108 69.7300 -41.6200 4 110 101.8500 -55.4800 5 172 100.3300 -63.1100 6 177 102.2400 -48.6400 7 155 81.5100 -59.0900 8 280 90.7800 -38.9700
8.5452265102e-01 2.1475762886e+00 3.3626441483e+00
63 51 37
33 0 87 -20.6600 -10.8700 1 92 -20.0300 -24.9000 2 86 -24.4400 -36.8000 3 106 -36.8200 -43.2400 4 112 -3.7800 -53.4800 5 71 -8.1000 -57.3800 6 78 -8.8700 -36.8400 7 83 -31.8800 -43.0100 8 70 -26.1600 -24.1200 67 122 -24.7900 -28.2800 68 115 -57.3400 -18.0000 69 100 -84.2500 -24.3500 9 58 -43.1100 -5.8500 10 79 -15.9300 -7.7500 66 128 -37.0200 -35.7500 11 83 -19.5600 -25.1500 12 72 -1.9200 -15.8500 65 148 -33.4700 -37.0000 63 143 -37.1700 -13.6100 64 133 -45.0500 -18.5800 62 136 -26.5600 -9.4500 34 189 -26.0200 6.2600 28 113 11.3700 1.7600 29 136 29.7100 13.9800 30 138 12.8200 -0.5800 31 154 13.1900 -2.2700 32 173 -10.1600 1.2100 33 158 -14.3000 3.8900 35 166 -8.2400 11.6400 36 169 -4.8400 25.7900 37 107 -14.5400 34.2400 38 123 -20.5400 41.1600 39 148 -22.6200 28.5300
1.4747387873e+00 2.2312159938e+00 2.9945235817e+00
229 208 189
8 0 88 80.7900 -6.4800 1 98 81.8600 -18.6500 2 95 78.4200 -29.4000 3 114 69.0300 -36.5700 4 113 101.5200 -50.7300 69 73 39.5200 -6.6800 66 61 109.1500 -61.4900 64 54 96.0700 -60.2900
1.5075284251e+00 2.2320061206e+00 2.9603234131e+00
119 103 99
16 0 89 86.5700 -6.1900 1 97 87.2500 -18.6100 2 94 83.9400 -29.2600 67 53 117.7100 -38.3300 69 75 46.3200 -6.0000 66 60 117.1400 -63.3400 65 62 127.9500 -79.7300 63 50 106.3800 -61.8200 64 53 104.2400 -63.2000 62 52 116.7200 -61.2800 60 77 78.2100 -38.2600 59 101 57.9400 -55.3900 58 83 9.4000 -62.0500 57 107 17.5400 -35.3400 56 96 2.2900 -40.5600 55 175 -16.1300 -42.5700
1.1110148684e+00 2.1701369019e+00 3.5921567082e+00
8 16 69
11 0 90 21.9000 -5.8400 1 95 22.6900 -19.2500 2 92 19.2600 -30.8100 3 115 9.7000 -35.4200 4 123 46.7800 -43.8300 5 74 43.7600 -43.9700 6 89 43.5400 -19.3900 8 75 28.1700 0.3700 9 61 17.1500 24.4100 10 63 55.6000 29.9700 11 64 59.7300 9.3600
1.1110859331e+00 2.1656727242e+00 3.6072071776e+00
8 16 69
11 0 91 21.9000 -5.8400 1 96 22.6900 -19.2500 2 93 19.2600 -30.8100 3 116 9.7000 -35.4200 4 124 46.7800 -43.8300 5 75 43.7600 -43.9700 6 90 43.5400 -19.3900 7 89 21.6500 -23.3900 8 76 28.1700 0.3700 69 98 -35.0000 -24.4000 33 163 27.8700 16.1800
2.8456498393e-01 -4.2974787074e-02 3.3067025296e+00
0 0 255
0
1.1782196915e+00 2.1923640499e+00 3.4469286456e+00
158 144 95
2 0 93 32.9700 -4.3100 1 154 32.9400 -17.5500
9.0740444710e-01 2.2119185625e+00 3.4088148518e+00
167 151 150
4 0 95 -11.6200 -0.3900 1 100 -10.9000 -14.0400 2 96 -15.6200 -25.6800 3 118 -27.0100 -31.2800
1.1750674423e+00 2.2037319295e+00 3.5969015504e+00
3 17 39
23 0 96 32.1200 0.2500 1 101 32.8900 -13.1500 2 147 30.1800 -24.3600 3 176 21.0500 -28.7100 4 128 57.9000 -36.9000 5 80 55.4500 -36.9400 7 121 33.9400 -16.5300 8 77 40.2500 8.0800 67 75 35.6500 -36.0600 9 100 30.7200 31.7300 10 120 70.7900 37.4200 66 121 13.9200 -52.6500 11 136 73.9900 16.5600 12 187 91.0100 26.1900 13 300 98.3000 44.2100 14 431 67.3000 35.7800 65 96 6.4200 -56.5700 63 138 -12.0800 -20.5700 64 129 -14.1900 -29.1800 62 133 -6.0700 -13.6000 61 237 -13.1800 7.5900 60 235 -38.9300 21.4800 59 191 -54.0300 3.4900
1.1116295493e+00 2.2210724688e+00 3.6674626602e+00
158 144 119
5 0 97 22.6200 3.8300 1 102 23.1700 -9.5000 2 150 19.8800 -20.8800 3 121 10.3500 -24.6400 4 200 47.7200 -32.3100
1.4779676319e+00 2.3115998427e+00 2.8939443639e+00
219 217 223
13 0 98 81.7900 4.9400 1 104 82.2300 -7.3500 2 98 78.9000 -17.9800 3 119 68.5700 -25.3700 4 127 100.5800 -39.8400 5 116 98.1400 -48.9700 6 118 99.6100 -36.3500 7 102 77.6700 -47.9100 67 128 117.1600 -21.2800 68 127 75.2300 -0.8900 69 186 42.5200 9.0300 66 124 120.5000 -44.9700 65 94 133.4200 -60.2000
1.4291294337e+00 2.3426605271e+00 2.7540871594e+00
204 194 191
2 0 99 73.7400 8.7600 1 106 74.2700 -3.5500
1.5284592774e+00 2.3554868833e+00 2.8309657728e+00
166 134 130
5 0 103 90.4300 10.8800 1 108 90.8700 -1.1300 3 128 77.8200 -18.8200 4 198 109.2400 -34.0000 66 38 134.3000 -38.2600
1.2275868982e+00 2.2920972118e+00 3.5459737851e+00
9 57 151
15 0 106 41.6000 12.9600 1 109 42.0800 -0.2000 2 101 38.6300 -11.2300 3 130 29.9400 -15.1200 4 133 66.3200 -24.0200 5 212 64.4300 -24.6700 6 370 65.5800 -2.0200 67 37 52.5100 -19.0300 68 54 19.1100 -1.5700 69 46 -11.1500 1.4100 66 43 34.8200 -36.5300 65 47 29.6900 -42.0700 63 63 9.2000 -10.0300 64 64 7.7200 -17.3200 62 65 15.3900 -3.8000
9.6984350450e-01 2.3548704187e+00 3.3592460802e+00
174 71 37
3 0 108 -1.4200 21.5800 1 110 -0.3000 8.5900 2 105 -4.8200 -2.5100
1.1193111910e+00 2.3335348474e+00 3.7113536054e+00
192 194 229
3 0 109 24.1700 22.5400 1 113 24.9700 9.3100 2 107 21.5900 -1.5100
4.9288532639e-01 2.3419720123e+00 3.4233954501e+00
245 235 219
4 0 110 -79.1900 23.1000 1 111 -78.9000 8.7300 2 103 -85.0000 -3.0800 3 81 -98.0400 -7.9400
4.9288532639e-01 2.3419720123e+00 3.4233954501e+00
245 235 219
4 0 111 -79.1900 23.1000 1 112 -78.9000 8.7300 2 104 -85.0000 -3.0800 3 82 -98.0400 -7.9400
4.7231027458e-01 2.3670670026e+00 3.2206646835e+00
152 127 90
3 0 112 -83.1200 25.1000 1 114 -82.8300 10.4300 2 168 -89.3600 -2.7600
4.7138228234e-01 2.3687135761e+00 3.2414506103e+00
152 127 90
2 0 113 -83.1200 25.1000 1 115 -82.8300 10.4300
1.0871390350e+00 2.4761092489e+00 2.8058553575e+00
241 223 109
4 0 115 17.0100 33.7400 1 117 17.2900 20.6200 2 111 12.3900 9.7500 3 138 0.1300 2.1700
5.1638152052e-01 2.6752844571e+00 2.4657908216e+00
73 70 50
3 0 117 -80.0200 65.4900 1 120 -79.5500 51.4100 3 370 -102.4400 31.0300
1.2325269966e+00 1.9851182885e+00 3.4248536468e+00
0 0 255
0
4.1278066095e-01 -2.7787363897e-01 3.2741138018e+00
0 0 255
0
1.0507135055e+00 1.9043762177e+00 4.2382882443e+00
78 48 14
3 0 124 12.5800 -36.6600 1 204 14.5800 -52.1700 2 208 11.6800 -65.7100
1.2791638726e+00 2.0183950215e+00 3.4245565405e+00
182 156 137
14 0 125 48.0700 -33.3700 1 128 49.0100 -46.6000 2 122 46.3600 -58.5000 3 148 37.9800 -65.1000 4 151 73.9700 -76.2800 5 102 72.1700 -79.6000 6 108 72.2600 -58.4800 7 97 50.9000 -64.6300 68 156 23.1400 -57.0400 69 142 -0.2400 -51.5500 10 95 91.6600 -23.8200 66 168 33.6300 -96.7400 11 109 88.7500 -44.5900 65 199 27.3000 -104.5300
9.2128552623e-01 2.0272924728e+00 3.2066426770e+00
149 104 40
4 0 126 -11.0000 -33.5900 1 77 -9.7600 -47.5800 4 95 6.1500 -79.5100 5 98 1.4700 -85.8100
1.3561676750e+00 2.0457017961e+00 3.3374857767e+00
142 101 54
4 0 127 60.5300 -30.3700 1 132 62.0200 -43.5600 2 73 59.5300 -55.6400 3 153 50.5600 -62.2200
1.1401278370e+00 2.0304010880e+00 3.4872029197e+00
165 140 121
23 0 128 25.5000 -29.9000 1 129 26.5500 -43.4700 2 125 23.4600 -55.4800 3 154 13.9500 -61.7700 4 153 49.7500 -71.8900 5 105 47.3900 -74.5500 6 111 47.4100 -51.9600 67 173 24.2200 -68.1600 68 159 -4.8700 -51.2800 69 143 -28.0400 -50.0900 9 121 22.0000 -14.4700 10 106 62.6400 -14.3200 12 148 81.8600 -24.4000 13 246 88.8300 -5.0000 14 229 58.9700 -9.2000 34 449 21.9300 -7.4800 28 294 26.5600 -14.8100 29 354 52.6700 -3.9400 31 248 48.3900 -18.4500 32 478 30.5000 -12.6400 33 255 30.7600 -10.8900 35 416 42.2800 -0.5600 38 426 36.8500 32.0600
7.7372312204e-01 2.0392556056e+00 3.3042317565e+00
22 34 46
16 0 130 -33.6100 -29.2200 1 130 -32.9200 -43.4300 2 123 -37.8900 -56.1300 3 152 -51.0100 -63.3700 4 152 -18.8600 -74.1500 5 103 -23.8700 -79.1000 7 75 -48.7000 -65.9400 8 87 -43.1900 -48.2900 10 74 -35.7500 -37.8400 66 198 -54.4100 -51.0300 11 75 -39.8600 -56.6700 12 59 -20.1500 -48.7100 13 92 -10.4000 -29.5300 14 116 -27.5300 -34.4800 15 192 -29.3100 -41.2700 62 198 -40.1100 -23.3400
7.7517520845e-01 2.0417346846e+00 3.2984793270e+00
22 34 46
7 0 131 -33.6100 -29.2200 1 131 -32.9200 -43.4300 2 124 -37.8900 -56.1300 7 76 -48.7000 -65.9400 8 88 -43.1900 -48.2900 10 75 -35.7500 -37.8400 11 76 -39.8600 -56.6700
8.7610244090e-01 2.0603802424e+00 3.2788416908e+00
153 130 31
18 0 132 -16.9900 -26.1300 1 218 -16.6500 -40.3000 2 127 -20.6800 -52.3900 3 244 -33.0100 -59.7700 4 154 -0.7300 -71.1300 5 162 -5.3900 -76.6700 6 166 -6.3400 -57.4800 69 147 -77.8700 -40.0500 9 109 -40.2200 -31.2000 10 89 -12.5600 -36.4500 66 197 -32.6000 -53.3700 11 149 -17.8200 -54.8600 12 134 -0.9800 -45.6400 13 226 5.9600 -26.4600 14 324 -15.3800 -30.4300 65 239 -28.0700 -55.6200 63 393 -33.2800 -31.9000 64 214 -40.3600 -36.9900
