# Bundle file v0.3
44 314
5.3200000000e+02 0.0000000000e+00 0.0000000000e+00
9.2756682116e-01 -1.6797774496e-02 3.7327955618e-01
-3.5796260866e-02 9.9039956105e-01 1.3351905178e-01
-3.7193873151e-01 -1.3720985479e-01 9.1806047500e-01
-3.8307883980e-01 1.3058423502e-01 7.6129024123e-01
5.3200000000e+02 0.0000000000e+00 0.0000000000e+00
9.2764845963e-01 -1.2189281270e-02 3.7325561855e-01
-3.6943566344e-02 9.9156962493e-01 1.2419682696e-01
-3.7162280374e-01 -1.2900038893e-01 9.1937771965e-01
-3.8716269248e-01 1.2959880341e-01 7.4937788274e-01
5.3200000000e+02 0.0000000000e+00 0.0000000000e+00
9.1159523231e-01 -1.9405691376e-02 4.1063067539e-01
-4.1978380854e-02 9.8926936084e-01 1.3994265698e-01
-4.0894002980e-01 -1.4480866978e-01 9.0099861331e-01
-4.6444656546e-01 1.1065334053e-01 7.8478999946e-01
5.3200000000e+02 0.0000000000e+00 0.0000000000e+00
-9.4952254514e-01 6.7861202183e-02 -3.0627078463e-01
-8.2206707199e-02 -9.9602933989e-01 3.4170328866e-02
-3.0273584784e-01 5.7623010349e-02 9.5133095982e-01
1.2617085061e-01 -6.8756666617e-01 -6.6852104045e+00
5.3200000000e+02 0.0000000000e+00 0.0000000000e+00
-9.3306994114e-01 8.7859021877e-02 -3.4879976664e-01
-1.0635350094e-01 -9.9374032426e-01 3.4192115689e-02
-3.4361230737e-01 6.8999711684e-02 9.3657334044e-01
2.7105698403e-01 -6.8269331349e-01 -6.6300967365e+00
5.3200000000e+02 0.0000000000e+00 0.0000000000e+00
8.2003636368e-01 -9.5322298301e-02 5.6431730585e-01
-3.8063927314e-03 9.8510167254e-01 1.7193081788e-01
-5.7229876254e-01 -1.4313753599e-01 8.0745635930e-01
-9.6574442194e-01 -2.8523357056e-02 9.6377112039e-01
5.3200000000e+02 0.0000000000e+00 0.0000000000e+00
-9.0751178055e-01 9.4414521472e-02 -4.0927773736e-01
-1.0103755325e-01 -9.9486759617e-01 -5.4661613894e-03
-4.0769324374e-01 3.6391815328e-02 9.1239347586e-01
4.9888765934e-01 -5.5421217935e-01 -6.6320036899e+00
5.3200000000e+02 0.0000000000e+00 0.0000000000e+00
-8.9753205061e-01 8.8220282406e-02 -4.3203402633e-01
-1.0012635121e-01 -9.9496296213e-01 4.8391924885e-03
-4.2943093965e-01 4.7601321010e-02 9.0184432266e-01
5.4763710836e-01 -6.3292849592e-01 -6.5953899162e+00
5.3200000000e+02 0.0000000000e+00 0.0000000000e+00
-8.7758987024e-01 1.0180423940e-01 -4.6847829885e-01
-1.2533871914e-01 -9.9192742867e-01 1.9240107552e-02
-4.6273774985e-01 7.5603393414e-02 8.8326547638e-01
6.6176294226e-01 -7.7766201320e-01 -6.5219056879e+00
5.3200000000e+02 0.0000000000e+00 0.0000000000e+00
7.5779547282e-01 -1.2492169257e-01 6.4042219832e-01
2.3227301721e-02 9.8604428603e-01 1.6485496185e-01
-6.5207861016e-01 -1.1005106413e-01 7.5012148979e-01
-1.2753060408e+00 7.8522250703e-02 1.0273991707e+00
5.3200000000e+02 0.0000000000e+00 0.0000000000e+00
-8.3539640141e-01 1.1965567866e-01 -5.3646562898e-01
-1.5397776141e-01 -9.8788314013e-01 1.9435802868e-02
-5.2763974594e-01 9.8840376398e-02 8.4369833382e-01
9.0024107081e-01 -7.1457190335e-01 -6.4102835679e+00
5.3200000000e+02 0.0000000000e+00 0.0000000000e+00
-8.1339493967e-01 1.2420752925e-01 -5.6829671986e-01
-1.6286558533e-01 -9.8649308860e-01 1.7498207271e-02
-5.5844737732e-01 1.0678893117e-01 8.2263761824e-01
1.0101209804e+00 -7.0194454137e-01 -6.3657800531e+00
5.3200000000e+02 0.0000000000e+00 0.0000000000e+00
-7.7512528604e-01 1.5261963572e-01 -6.1309708671e-01
-1.9788389740e-01 -9.8020601274e-01 6.1754134354e-03
-6.0001896144e-01 1.2610876011e-01 7.8998343434e-01
1.1683535346e+00 -6.8598495555e-01 -6.3114702492e+00
5.3200000000e+02 0.0000000000e+00 0.0000000000e+00
-7.0978634841e-01 1.6395311179e-01 -6.8507132238e-01
-2.0147645188e-01 -9.7915902402e-01 -2.5589939734e-02
-6.7498931766e-01 1.1986234944e-01 7.2802639941e-01
1.4717343828e+00 -5.9873981059e-01 -6.2138033280e+00
5.3200000000e+02 0.0000000000e+00 0.0000000000e+00
5.4895807987e-01 -1.6382691515e-01 8.1963758358e-01
3.0795470252e-02 9.8390223090e-01 1.7603419850e-01
-8.3528238672e-01 -7.1394270775e-02 5.4516620635e-01
-1.9798124604e+00 3.8986549217e-03 1.5910743754e+00
5.3200000000e+02 0.0000000000e+00 0.0000000000e+00
-5.9169883262e-01 2.0337455989e-01 -7.8008414922e-01
-2.1901678839e-01 -9.7181366532e-01 -8.7234433017e-02
-7.7583770074e-01 1.1923501286e-01 6.1956345424e-01
1.8286000754e+00 -3.8875642536e-01 -6.0110568405e+00
5.3200000000e+02 0.0000000000e+00 0.0000000000e+00
-5.4262751380e-01 2.0028611586e-01 -8.1574558108e-01
-2.2436595579e-01 -9.7043061731e-01 -8.9018733243e-02
-8.0945370414e-01 1.3472152308e-01 5.7151973901e-01
1.9988348198e+00 -3.7814418616e-01 -5.9019202406e+00
5.3200000000e+02 0.0000000000e+00 0.0000000000e+00
-5.0076334750e-01 2.0534658741e-01 -8.4087386024e-01
-2.1135263719e-01 -9.7105546814e-01 -1.1127147232e-01
-8.3938437712e-01 1.2200023294e-01 5.2966952962e-01
2.0909498878e+00 -2.9945849451e-01 -5.7952663472e+00
5.3200000000e+02 0.0000000000e+00 0.0000000000e+00
-4.4741913239e-01 2.3504063793e-01 -8.6288586644e-01
-2.7532358158e-01 -9.5418690263e-01 -1.1715067338e-01
-8.5088956122e-01 1.8515737460e-01 4.9163370636e-01
2.1866074118e+00 -3.6028715070e-01 -5.6724562748e+00
5.3200000000e+02 0.0000000000e+00 0.0000000000e+00
-3.8391619205e-01 2.5145166816e-01 -8.8847083017e-01
-2.8005053418e-01 -9.4859303923e-01 -1.4745488879e-01
-8.7987502282e-01 1.9220641118e-01 4.3459940142e-01
2.3677983192e+00 -2.3355283130e-01 -5.5419387070e+00
5.3200000000e+02 0.0000000000e+00 0.0000000000e+00
-3.2718470672e-01 2.4776761544e-01 -9.1189987193e-01
-2.7049009988e-01 -9.4919050400e-01 -1.6084928652e-01
-9.0541994320e-01 1.9403246080e-01 3.7757930372e-01
2.4785847987e+00 -1.7799567996e-01 -5.4051616002e+00
5.3200000000e+02 0.0000000000e+00 0.0000000000e+00
-2.6054254051e-01 2.7744708236e-01 -9.2473817974e-01
-2.8555265026e-01 -9.3711096658e-01 -2.0070555607e-01
-9.2226746040e-01 2.1176910256e-01 3.2338302165e-01
2.5085682916e+00 -7.3611438587e-02 -5.2810952611e+00
0 0 0
0 0 0
0 0 0
0 0 0
0 0 0
5.3200000000e+02 0.0000000000e+00 0.0000000000e+00
-1.3795408819e-01 3.0842832086e-01 -9.4119107542e-01
-2.7585488278e-01 -9.2464060182e-01 -2.6257159236e-01
-9.5124799774e-01 2.2340932917e-01 2.1263940942e-01
2.6452629074e+00 1.3994973907e-01 -4.9568386738e+00
0 0 0
0 0 0
0 0 0
0 0 0
0 0 0
5.3200000000e+02 0.0000000000e+00 0.0000000000e+00
-4.0104494755e-02 3.1434715689e-01 -9.4846059194e-01
-2.9665105897e-01 -9.1017118242e-01 -2.8911341701e-01
-9.5414347910e-01 2.6976709147e-01 1.2975337239e-01
2.7762743302e+00 1.4410580501e-01 -4.5594416030e+00
5.3200000000e+02 0.0000000000e+00 0.0000000000e+00
-2.3029822203e-03 3.2595110259e-01 -9.4538382417e-01
-3.1316189015e-01 -8.9806799040e-01 -3.0887459457e-01
-9.4969696579e-01 2.9534685259e-01 1.0414369800e-01
2.7854113363e+00 1.9079132072e-01 -4.3923347254e+00
0 0 0
0 0 0
0 0 0
0 0 0
0 0 0
0 0 0
0 0 0
0 0 0
0 0 0
0 0 0
0 0 0
0 0 0
0 0 0
0 0 0
0 0 0
0 0 0
0 0 0
0 0 0
0 0 0
0 0 0
0 0 0
0 0 0
0 0 0
0 0 0
0 0 0
0 0 0
0 0 0
0 0 0
0 0 0
0 0 0
0 0 0
0 0 0
0 0 0
0 0 0
0 0 0
0 0 0
0 0 0
0 0 0
0 0 0
0 0 0
0 0 0
0 0 0
0 0 0
0 0 0
0 0 0
0 0 0
0 0 0
0 0 0
0 0 0
0 0 0
0 0 0
0 0 0
0 0 0
0 0 0
0 0 0
0 0 0
0 0 0
0 0 0
0 0 0
0 0 0
0 0 0
0 0 0
0 0 0
0 0 0
0 0 0
0 0 0
0 0 0
0 0 0
0 0 0
0 0 0
0 0 0
0 0 0
0 0 0
0 0 0
0 0 0
0 0 0
0 0 0
0 0 0
0 0 0
0 0 0
0 0 0
0 0 0
0 0 0
0 0 0
0 0 0
-3.0821236955e-01 -5.3586456913e-01 3.1595317397e+00
202 172 110
6 0 0 -73.4500 -5.6400 1 0 -73.4300 -1.9000 2 0 -77.6700 -6.0000 3 0 -83.0200 -3.2900 4 0 -84.9300 0.0500 6 0 -84.7700 1.5200
-8.6286342708e-01 -5.8264505135e-01 2.9040841550e+00
46 18 5
25 0 1 15.9200 10.1100 1 1 16.9300 13.8700 2 1 10.0200 8.9200 3 1 3.1900 12.0100 4 2 1.9000 14.2500 5 1 0.2200 17.9400 6 1 5.5000 14.6600 7 0 1.9400 7.6200 8 0 -0.6000 -4.7000 9 0 1.7400 8.5000 10 0 -1.7400 6.5900 11 1 -2.6100 8.1200 12 0 -5.5000 8.7900 13 0 -1.1300 8.4700 14 0 -1.4200 13.3400 15 0 -7.1700 12.9800 16 0 -3.4100 14.3300 17 0 -6.3000 15.3200 18 0 -10.7500 9.8300 19 0 -4.6300 15.3300 20 0 -5.0100 17.1100 21 0 -17.0400 16.4400 23 1 -22.3600 20.4300 25 0 -20.2600 13.3700 26 0 -24.0500 13.1500
-8.6286342708e-01 -5.8264505135e-01 2.9040841550e+00
46 18 5
25 0 2 15.9200 10.1100 1 2 16.9300 13.8700 2 2 10.0200 8.9200 3 2 3.1900 12.0100 4 3 1.9000 14.2500 5 2 0.2200 17.9400 6 2 5.5000 14.6600 7 1 1.9400 7.6200 8 1 -0.6000 -4.7000 9 1 1.7400 8.5000 10 1 -1.7400 6.5900 11 2 -2.6100 8.1200 12 1 -5.5000 8.7900 13 1 -1.1300 8.4700 14 1 -1.4200 13.3400 15 1 -7.1700 12.9800 16 1 -3.4100 14.3300 17 1 -6.3000 15.3200 18 1 -10.7500 9.8300 19 1 -4.6300 15.3300 20 1 -5.0100 17.1100 21 1 -17.0400 16.4400 23 2 -22.3600 20.4300 25 1 -20.2600 13.3700 26 1 -24.0500 13.1500
-3.3766549257e-01 -1.6602203762e-01 3.4624170576e+00
182 151 87
8 0 3 -77.5800 -60.5300 1 3 -77.2200 -55.7300 2 3 -85.1900 -60.7700 5 3 -100.7200 -54.9300 6 3 -97.5900 -57.9400 7 2 -103.8200 -64.8500 10 2 -111.6900 -65.9900 11 3 -113.4200 -65.9900
-6.9663309381e-01 -4.7810774197e-01 2.9738560230e+00
25 23 20
4 0 5 -11.3400 -11.4000 1 5 -10.3600 -7.0900 2 6 -18.5200 -11.2500 3 7 -24.4100 -7.6400
-4.1667093814e-01 9.7523873720e-02 2.9922058739e+00
156 90 40
7 0 6 -50.4600 -93.7300 1 6 -49.7000 -89.7100 2 7 -55.7300 -94.2400 3 8 -56.0800 -93.2700 4 5 -54.2300 -90.7700 5 5 -54.6800 -86.1300 6 7 -48.6000 -89.3500
-7.4648558490e-02 8.7491839481e-02 3.6868903636e+00
173 144 83
3 0 7 -118.1600 -90.2800 1 7 -117.6300 -86.4300 2 8 -126.1100 -93.3800
-5.2085455974e-01 -1.8736036353e-01 3.2688514045e+00
24 22 23
22 0 8 -50.0400 -55.0000 1 8 -49.3400 -51.1200 2 9 -56.2800 -55.7700 3 6 -61.0400 -55.9100 4 6 -63.0800 -54.2400 5 4 -64.1600 -50.0400 6 4 -59.3500 -53.0700 7 3 -63.3800 -59.6100 8 2 -66.2300 -73.0300 9 2 -62.9700 -60.8700 10 3 -67.4200 -61.2900 11 5 -68.4700 -58.9500 12 2 -70.3800 -58.6600 13 2 -62.9100 -58.0200 14 3 -62.2700 -52.8600 15 3 -64.9400 -52.7100 16 3 -61.7200 -51.3600 17 3 -63.2900 -51.0700 18 2 -64.5900 -58.9800 19 2 -56.4000 -54.2300 20 2 -55.9000 -52.5200 21 2 -63.9900 -55.1400
-7.6942769063e-01 -2.6020556815e-01 3.0462385790e+00
110 101 91
5 0 9 -5.8200 -42.0800 1 9 -4.9100 -38.0100 2 4 -12.8400 -42.4400 3 9 -13.9500 -39.8500 6 5 -11.4200 -34.7500
-7.1281780580e-01 -2.5825592016e-01 2.9136677829e+00
110 101 91
15 0 10 -5.8200 -42.0800 1 10 -4.9100 -38.0100 2 5 -12.8400 -42.4400 3 10 -13.9500 -39.8500 4 7 -14.3800 -36.3100 5 6 -15.5100 -31.9400 6 6 -11.4200 -34.7500 7 4 -15.0900 -41.7800 8 3 -16.1000 -55.1500 9 3 -11.8900 -41.7300 11 6 -15.3800 -41.1100 12 3 -16.7900 -39.8600 16 6 -6.6800 -31.5900 23 10 -10.2700 -25.9600 25 4 -5.8000 -36.3900
-6.2403704263e-01 -5.5556806622e-01 3.1165018544e+00
202 173 107
20 0 11 -31.8800 -0.1400 1 13 -28.6900 2.8400 2 12 -35.8100 -1.7300 3 11 -44.5400 1.4400 4 14 -41.9800 1.9200 5 18 -42.7800 5.6200 6 16 -38.3500 3.4900 7 10 -42.4400 -2.4900 8 5 -48.3500 -12.8100 9 7 -42.3400 -2.6900 10 10 -46.3100 -3.2500 11 14 -46.0900 -2.4600 12 7 -49.9500 -0.8100 13 12 -42.9200 -2.8000 14 16 -44.2200 3.3600 15 8 -50.1400 3.6700 16 15 -44.2600 3.3600 17 10 -48.7600 5.5000 18 5 -56.1400 0.9900 20 12 -46.6000 5.5900
-7.6917617001e-01 -8.1217627204e-01 2.8356614769e+00
18 13 9
18 0 12 5.0800 39.0700 1 14 4.4200 43.2500 2 13 -1.9900 38.5500 5 12 -11.7000 48.7400 7 9 -8.4900 38.8100 8 8 -10.3800 26.4500 9 5 -8.3700 40.3300 10 6 -11.0000 38.8500 11 9 -11.1500 40.5200 12 4 -13.0300 41.3000 14 9 -5.8600 46.1700 17 7 -8.0500 47.2500 19 8 -6.7900 46.5900 20 8 -6.5700 47.3900 21 11 -18.8700 46.1900 23 7 -24.6400 46.5900 25 6 -22.0300 37.7100 26 4 -25.6600 37.4300
-2.3704072897e-01 1.9432921242e-01 3.3778259584e+00
177 143 82
3 0 14 -88.8500 -105.9200 1 16 -88.4400 -101.7900 2 14 -95.8500 -107.5400
-3.3481289480e-01 8.9927402001e-02 3.7859733753e+00
41 23 15
3 0 15 -87.7000 -90.2000 1 17 -87.6400 -85.8700 2 16 -96.4500 -91.5700
-5.6174341293e-01 -3.3637380084e-01 3.1964293765e+00
44 40 43
12 0 16 -39.5000 -32.1700 1 19 -38.5100 -27.9800 2 17 -45.8700 -32.7400 3 17 -51.6500 -31.2000 4 13 -53.4000 -29.1000 5 11 -55.3100 -24.8600 6 13 -50.3300 -27.9300 7 8 -55.0800 -34.5600 8 7 -57.9400 -47.5800 9 4 -55.1400 -35.6200 10 4 -59.6500 -37.0000 11 8 -60.2600 -34.2500
3.2054959163e-01 -1.6026034477e-01 2.2004177622e+00
25 14 10
2 0 18 -146.2700 -50.3600 1 18 -145.9900 -46.2000
-7.6922355681e-01 -5.9367212150e-01 2.7700315273e+00
138 71 29
25 0 19 7.2900 7.9000 1 21 8.3000 11.8200 2 19 1.7800 7.0000 3 24 -3.5000 10.5300 4 19 -3.4500 14.0600 5 19 -4.4100 18.0100 6 21 1.8600 14.9700 7 13 -0.9200 7.6700 8 13 -2.3200 -4.6000 9 10 1.0100 9.3200 10 12 -1.8400 7.6000 11 20 -1.4600 9.2100 12 10 -3.4500 10.4400 13 13 2.9300 10.6600 14 25 4.2600 16.1500 15 21 -0.0700 16.2500 16 19 4.9100 17.3700 17 22 3.1200 18.4000 18 21 0.2500 12.7400 19 28 7.2600 18.8200 20 32 8.0500 20.1800 21 26 -2.3700 20.0500 23 46 -4.6300 23.3200 25 50 0.5600 14.9300 26 40 -2.0600 14.9200
-6.6529238257e-01 -6.9367681674e-01 2.9288530132e+00
13 3 1
11 0 20 -14.1000 20.0300 1 22 -13.3100 23.2100 2 20 -19.7500 19.6200 3 25 -26.3400 22.4600 4 15 -27.3200 25.5700 5 15 -28.6100 29.9200 6 17 -23.0900 26.3800 7 11 -26.3800 19.4500 8 9 -28.8300 7.0400 9 8 -26.5600 20.1600 10 5 -29.9100 18.3600
-3.3019470895e-01 1.3930094044e-01 3.5291079649e+00
64 34 10
3 0 22 -81.1500 -97.1000 1 24 -80.8100 -93.0500 2 21 -88.6800 -99.0900
-3.0019819405e-01 7.7366020633e-02 3.2119585880e+00
165 130 75
4 0 23 -74.4200 -89.9700 1 25 -74.8300 -85.8900 2 22 -81.5000 -91.5500 3 21 -85.2300 -95.0400
-3.9089041031e-01 4.7566991061e-02 3.0523093078e+00
192 123 74
4 0 24 -56.5800 -86.4000 1 26 -55.7100 -82.0200 2 23 -62.0500 -87.0100 3 26 -63.5300 -86.5400
1.5112928828e-01 3.6805127887e-02 3.6119183026e+00
162 130 69
2 0 25 -146.2700 -85.2900 1 27 -146.1400 -80.8300
1.5112928828e-01 3.6805127887e-02 3.6119183026e+00
162 130 69
2 0 26 -146.2700 -85.2900 1 28 -146.1400 -80.8300
2.7466964362e-01 -6.3818138991e-02 2.8515474314e+00
174 140 74
2 0 27 -151.6900 -70.9500 1 29 -151.4700 -66.6200
-6.3272009078e-01 -4.4934061133e-01 3.1618740978e+00
58 49 50
16 0 28 -28.5200 -15.8000 1 20 -27.6100 -12.2400 2 25 -34.8100 -16.2600 3 27 -41.5300 -14.3200 4 18 -43.0200 -12.2400 5 17 -44.7700 -7.7500 6 20 -39.8700 -10.9500 7 12 -44.2400 -17.3800 8 10 -47.2900 -30.4800 9 9 -45.2000 -17.3600 10 11 -49.0500 -18.0600 11 13 -50.0200 -15.7700 12 6 -53.5700 -16.9800 13 4 -48.8200 -17.9400 14 15 -47.3100 -9.5400 16 11 -49.8700 -11.4600
-4.3032544577e-01 2.0049769331e-01 2.9296317161e+00
14 3 1
19 0 32 -45.0200 -108.0500 1 51 -45.3000 -103.2100 2 73 -51.7200 -107.6300 5 25 -47.0600 -99.9200 7 30 -44.5600 -110.9000 9 25 -38.0400 -113.1500 11 22 -39.9900 -112.7000 12 20 -37.6200 -112.1300 13 26 -27.9300 -111.7300 14 54 -24.1400 -105.0800 15 38 -22.8900 -103.9500 16 47 -16.4100 -102.1700 17 34 -15.8000 -101.9700 18 26 -13.9700 -108.8500 19 37 -2.0000 -102.2400 20 63 -0.8000 -99.8400 21 45 -4.1800 -99.4900 25 55 12.2400 -108.7700 26 43 13.5800 -111.9200
-4.6718831600e-01 1.8386549671e-01 2.8553282684e+00
11 7 7
24 0 33 -37.3700 -106.2200 1 31 -36.4600 -102.0600 2 27 -42.2400 -106.6600 3 29 -41.2600 -104.8700 4 24 -38.1300 -101.7800 5 26 -37.8400 -96.9300 6 28 -31.3100 -100.2200 7 20 -34.6400 -108.1900 9 12 -27.6700 -109.8600 10 20 -30.8000 -111.3600 11 23 -29.5300 -109.1600 12 13 -27.2500 -108.1100 13 15 -17.2800 -107.4200 14 28 -12.4200 -100.6600 15 24 -11.9500 -99.0100 16 26 -5.4700 -97.2700 17 23 -5.1800 -96.5100 18 18 -3.6100 -102.7300 19 19 7.9500 -95.9700 20 27 10.0100 -93.6100 21 23 6.1800 -92.4400 23 28 10.9600 -87.7500 25 23 21.0900 -100.1700 26 18 22.0600 -102.3300
-4.1747423667e-01 1.6247725350e-01 2.9061489828e+00
147 91 43
22 0 34 -46.6600 -101.9400 1 32 -45.7800 -97.7400 2 28 -51.3900 -102.6300 3 30 -51.1600 -101.2100 4 25 -48.2300 -98.5100 5 27 -47.9600 -93.7800 6 29 -41.3700 -97.0400 7 21 -44.9700 -105.2100 9 17 -38.3100 -107.1800 10 21 -41.4100 -109.0000 11 24 -40.0200 -106.8900 12 14 -37.7200 -106.1500 13 16 -27.4900 -105.8800 14 42 -22.5700 -99.6400 15 25 -22.0900 -98.1300 16 35 -15.1700 -96.7800 17 24 -14.9600 -96.0300 18 28 -13.0800 -102.7900 19 20 -1.3200 -96.2700 20 38 1.6400 -94.1800 23 39 3.0300 -89.6100 25 35 13.0900 -102.9600
-2.2246811346e-01 1.2783767636e-01 3.5348114927e+00
169 139 84
3 0 35 -94.9100 -96.8400 1 40 -94.8300 -92.1200 2 48 -103.0400 -96.9700
-4.1576695039e-01 -1.6460986060e-01 3.3075390714e+00
190 163 102
7 0 36 -63.1000 -56.8600 1 42 -62.2300 -52.8000 2 29 -70.0400 -57.4200 3 33 -76.1900 -57.9400 4 27 -78.3500 -56.4000 5 50 -80.0700 -53.6100 7 25 -82.1400 -62.6800
-6.2315515304e-01 -7.1745090562e-01 2.9669608059e+00
200 174 116
11 0 39 -21.3100 22.6100 1 34 -20.2900 26.8100 2 30 -27.1600 22.1500 3 35 -33.9800 24.4700 4 29 -35.2100 27.5500 5 33 -36.9200 31.9300 6 33 -31.2200 28.9300 7 27 -34.3800 22.5100 8 26 -37.4000 9.9800 9 22 -35.4000 23.1500 10 29 -39.0000 22.1800
-8.0398797786e-01 -7.3174841200e-01 2.7365866737e+00
12 4 1
13 0 40 12.1100 28.4600 1 36 13.6000 32.0700 2 31 7.3500 27.2100 3 36 1.1200 30.6500 5 43 0.3000 38.0600 6 43 6.2400 35.2900 7 28 4.0700 28.0600 8 33 2.0400 15.8800 9 23 5.5600 29.2500 10 30 3.1800 27.6500 11 36 3.0700 29.4800 12 26 1.2200 30.1700 21 98 0.9900 34.7500
5.2018927140e-01 -5.8421887673e-02 3.9787684926e-01
168 139 84
2 0 44 -141.0700 -60.6700 1 33 -139.6700 -58.2500
-6.6783855084e-01 -2.4258856809e-01 2.9158730870e+00
119 113 91
25 0 45 -12.5500 -44.5800 1 43 -12.6000 -41.0300 2 38 -18.1700 -44.8700 3 44 -21.4100 -42.3900 4 35 -20.9200 -39.0400 5 36 -22.0100 -34.9200 6 38 -16.1300 -37.6700 7 36 -19.2200 -44.7900 8 24 -20.8900 -58.1600 9 19 -16.4600 -44.8400 10 37 -20.0800 -46.3600 11 26 -20.3200 -44.6400 12 16 -20.5700 -43.6200 13 19 -13.7800 -43.3200 14 33 -11.5300 -37.0800 15 28 -14.5800 -36.6300 16 29 -9.6600 -35.0800 17 26 -10.9700 -34.2900 18 19 -12.6200 -40.5300 19 25 -4.2200 -34.4600 20 29 -2.9700 -32.8200 21 24 -11.1500 -33.2400 23 30 -11.6600 -29.9800 25 24 -5.6900 -40.6800 26 20 -7.1800 -42.0000
2.5967589582e-01 -2.6967736458e-01 2.9544857413e+00
19 11 2
2 0 46 -150.3000 -38.7300 1 45 -150.1000 -34.3300
-6.9368136585e-01 -6.2928189790e-01 2.8959516610e+00
197 133 91
24 0 48 -9.6700 11.9600 1 48 -8.6000 15.9500 2 42 -15.0500 11.2900 3 34 -20.8800 13.8600 4 28 -21.0500 16.9900 5 32 -22.0100 21.1700 6 27 -15.9400 17.9900 7 19 -18.9600 11.0100 8 21 -21.0600 -1.6400 9 14 -18.3300 11.6300 10 17 -21.4900 10.1100 11 21 -21.7500 11.8400 12 11 -24.0300 12.6000 13 14 -17.8900 12.1700 14 26 -16.6900 17.3900 15 22 -20.8800 16.7600 16 20 -15.9300 17.8900 17 15 -17.6700 18.5500 19 12 -13.6500 17.8100 20 17 -12.7100 19.1000 21 19 -23.1200 18.3900 23 19 -25.0200 21.2400 25 17 -20.1400 12.4300 26 15 -23.0400 11.8300
-6.5202540199e-01 -7.9590055967e-01 2.8986084736e+00
202 175 122
4 0 49 -15.0200 35.0000 1 50 -13.8700 38.8800 2 45 -20.7100 34.2900 3 69 -28.0100 36.3000
-3.1729247073e-01 8.2413467255e-02 3.4779901448e+00
0 0 255
0
-4.1960074822e-01 -3.9706464267e-02 3.3663532134e+00
181 157 113
18 0 54 -68.1800 -76.1300 1 84 -67.1300 -72.0700 2 55 -74.5700 -76.5500 3 57 -78.5600 -76.9000 4 44 -79.5300 -74.8200 5 72 -80.6700 -71.0000 6 37 -77.0000 -73.7100 7 63 -81.1800 -81.0500 8 53 -84.6600 -95.3300 9 57 -80.5800 -83.8600 10 46 -86.1400 -84.9200 11 62 -86.6900 -83.1700 12 58 -88.2400 -84.1300 13 65 -82.3800 -85.4200 14 76 -80.9300 -80.9700 15 73 -83.9000 -82.3800 16 72 -80.0200 -81.4300 17 66 -82.6100 -81.9700
9.8117601548e-02 -1.3236924795e-01 4.0321467156e+00
17 9 0
3 0 55 -145.3900 -64.0400 1 57 -145.1100 -59.6700 2 56 -155.3700 -64.9800
-6.3634314719e-01 -3.3149141620e-01 3.0545377952e+00
144 134 116
18 0 58 -24.3900 -31.9700 1 46 -22.8900 -27.9900 2 41 -29.6500 -32.4500 3 63 -34.9400 -30.7400 4 37 -34.6400 -27.6500 5 38 -36.2200 -23.4600 6 40 -31.1000 -26.5800 7 38 -34.5200 -33.4600 9 20 -32.7400 -33.9800 10 39 -37.2700 -35.2200 12 22 -38.7800 -32.9200 13 32 -32.5100 -33.1300 16 55 -30.7400 -26.4700 17 40 -31.9900 -25.6900 18 56 -34.6500 -32.7500 21 55 -34.2200 -27.1400 23 66 -35.0000 -24.8300 26 34 -32.4700 -37.5400
-6.3199436256e-01 -6.1422464878e-01 2.9982441672e+00
165 140 99
11 0 60 -20.5600 8.8700 1 109 -19.5800 12.9400 2 62 -26.5100 8.4100 3 67 -33.1300 10.7400 4 49 -34.7500 13.1900 5 53 -36.5100 17.1800 6 60 -31.2800 14.0500 7 51 -35.0000 7.3200 8 45 -37.8800 -5.6300 9 45 -35.7700 7.3300 10 53 -39.4900 5.8700
-7.3868941664e-01 -6.0948451487e-01 2.7838474702e+00
173 104 63
18 0 61 1.5600 9.8300 1 110 3.0800 13.5400 2 88 -3.4500 8.9100 3 99 -8.8700 12.0500 6 93 -3.3800 16.6300 8 73 -7.5500 -3.0300 9 83 -4.0100 10.4800 10 90 -6.7200 8.9600 11 88 -6.5800 10.8700 12 76 -8.1900 11.8200 13 85 -1.5700 11.8900 14 96 -0.2200 17.4000 15 156 -4.4000 17.4400 16 102 1.3600 18.1500 17 92 -0.1100 18.9900 19 164 3.9000 19.5800 20 93 5.2600 20.7000 21 93 -5.1000 20.5300
-7.2625813993e-01 -6.1914427737e-01 2.7284295328e+00
47 16 1
3 0 62 3.8800 13.7300 1 61 5.3000 17.6000 2 63 -0.8000 12.8500
-8.1446848755e-01 -6.7285851412e-01 2.7727918467e+00
98 53 31
8 0 63 11.9600 19.4700 1 62 13.9500 22.4500 2 64 7.0700 18.3700 5 96 0.4500 29.4900 9 85 4.8900 21.3800 10 92 2.2100 19.6800 11 91 2.7700 21.0500 13 87 6.8000 22.4900
-6.8504056110e-01 -6.8648225274e-01 2.8291064260e+00
39 5 2
15 0 64 -7.6400 19.4100 1 63 -6.5300 23.3400 2 65 -13.0400 18.6100 3 68 -19.1800 22.0200 4 50 -19.3600 25.0500 5 54 -20.2000 29.8700 6 41 -14.1200 25.8300 7 39 -16.7500 18.7500 8 29 -18.5100 6.1400 11 33 -17.4200 19.8000 16 41 -10.4600 26.5200 20 42 -6.4300 28.8400 23 49 -17.9600 31.4000 25 29 -13.2300 22.8500 26 25 -15.9900 22.7700
-6.8802234028e-01 -7.2717200321e-01 2.8309108113e+00
186 137 97
19 0 66 -7.8700 24.9900 1 65 -6.7100 29.0000 3 47 -19.1200 27.0000 4 51 -19.7000 30.1200 5 55 -20.5400 34.4200 6 62 -14.7300 31.2600 7 41 -16.9600 24.4600 8 31 -18.8100 11.9600 9 31 -16.0700 25.6300 10 43 -18.4300 24.1700 12 24 -20.2300 26.6700 13 36 -13.8500 26.5600 14 48 -12.6000 31.7000 15 41 -16.4400 31.3000 16 58 -11.0800 32.2200 19 44 -8.9100 32.9600 21 60 -17.9100 33.4500 23 70 -19.4300 36.5500 26 41 -17.2800 28.4900
-6.8851855876e-01 -7.2668515557e-01 2.8318781406e+00
186 137 97
21 0 67 -7.8700 24.9900 1 66 -6.7100 29.0000 2 44 -12.7400 24.1900 3 48 -19.1200 27.0000 4 52 -19.7000 30.1200 5 56 -20.5400 34.4200 6 63 -14.7300 31.2600 7 42 -16.9600 24.4600 8 32 -18.8100 11.9600 9 32 -16.0700 25.6300 10 44 -18.4300 24.1700 11 35 -18.5000 26.0600 12 25 -20.2300 26.6700 13 37 -13.8500 26.5600 14 49 -12.6000 31.7000 15 42 -16.4400 31.3000 16 59 -11.0800 32.2200 19 45 -8.9100 32.9600 21 61 -17.9100 33.4500 23 71 -19.4300 36.5500 26 42 -17.2800 28.4900
-7.5821385965e-01 -7.5004792175e-01 2.7439897906e+00
116 66 37
24 0 68 5.8000 30.7200 1 67 7.1300 34.4800 2 67 0.6400 29.9600 4 53 -5.5200 36.0400 5 57 -6.0700 40.4300 6 64 0.0700 37.2300 7 52 -2.2800 30.2200 8 46 -3.9700 17.7700 9 48 -0.9300 31.6000 10 56 -3.3200 29.9200 11 49 -2.7100 31.3600 12 44 -4.9500 32.2500 13 52 1.3500 32.3000 14 63 2.6500 37.4500 15 60 -1.8800 37.1100 16 60 3.0800 38.1000 17 57 1.1000 39.1400 18 61 -2.1500 33.1700 19 59 4.4700 39.2500 20 58 5.4100 40.6800 21 63 -5.7400 40.1000 23 114 -8.0500 43.5400 25 99 -2.9200 35.9000 26 62 -5.5900 35.8800
-3.8252169664e-02 2.6668081979e-01 4.0420972889e+00
23 4 0
3 0 70 -129.7100 -112.0100 1 70 -129.5900 -107.6200 2 71 -139.6700 -113.4200
-3.8252169664e-02 2.6668081979e-01 4.0420972889e+00
23 4 0
3 0 71 -129.7100 -112.0100 1 71 -129.5900 -107.6200 2 72 -139.6700 -113.4200
-4.4960510203e-01 2.2650014355e-01 3.9863537967e+00
177 149 125
2 0 73 -79.6900 -105.4000 1 73 -79.7500 -101.2400
-3.7109722189e-01 1.1236655819e-01 4.1611269061e+00
18 5 0
2 0 76 -93.0100 -91.6500 1 78 -93.0800 -87.4000
-1.2617778179e-01 6.5211250954e-02 3.3182744716e+00
180 161 131
2 0 77 -101.9600 -88.9000 1 81 -101.7200 -84.7000
-1.9255039398e-01 7.5522602681e-02 3.6509926910e+00
180 161 131
3 0 78 -101.9600 -88.9000 1 82 -101.7200 -84.7000 2 126 -110.0400 -90.9300
-2.4504963467e-01 2.4039995943e-02 3.3941504351e+00
170 138 94
4 0 79 -87.9200 -83.5000 1 83 -87.5400 -79.2700 3 55 -105.0200 -88.4900 4 107 -109.9300 -89.9900
3.1427854845e-01 -7.1871799893e-02 2.7450038321e+00
171 155 110
2 0 80 -156.6000 -69.4900 1 85 -156.2500 -65.1500
3.1427854845e-01 -7.1871799893e-02 2.7450038321e+00
171 155 110
2 0 81 -156.6000 -69.4900 1 86 -156.2500 -65.1500
2.2940027052e-01 -8.9175407158e-02 3.0536680216e+00
183 157 118
2 0 82 -147.9100 -67.3000 1 87 -147.6700 -62.9300
2.2940027052e-01 -8.9175407158e-02 3.0536680216e+00
183 157 118
2 0 83 -147.9100 -67.3000 1 88 -147.6700 -62.9300
7.4780955351e-02 -1.8250474018e-01 4.0697183521e+00
160 137 112
3 0 84 -143.1400 -57.5700 1 90 -142.6400 -53.7800 2 147 -152.8800 -59.6100
3.9742219480e-01 -9.8539297402e-02 1.4367368861e+00
160 137 112
2 0 85 -143.1400 -57.5700 1 91 -142.6400 -53.7800
-7.4674931840e-01 -2.2145336019e-01 2.8210939255e+00
150 142 129
19 0 86 2.7700 -46.9500 1 93 3.4900 -42.9800 2 81 -2.7300 -47.3500 3 81 -5.2300 -43.9400 4 70 -4.6300 -40.3900 5 76 -5.2600 -35.7600 6 78 0.2300 -38.8500 7 67 -2.5700 -46.1400 9 62 0.5200 -45.4000 10 74 -2.5900 -47.2000 11 69 -2.3400 -45.2200 12 62 -3.2600 -43.6300 14 82 5.9900 -36.9200 15 135 2.4200 -35.6400 18 72 4.9600 -38.9500 20 138 13.2100 -30.5500 23 97 3.7000 -26.4900 25 84 10.0300 -36.6100 26 84 7.7100 -37.4700
-7.4674931840e-01 -2.2145336019e-01 2.8210939255e+00
150 142 129
19 0 87 2.7700 -46.9500 1 94 3.4900 -42.9800 2 82 -2.7300 -47.3500 3 82 -5.2300 -43.9400 4 71 -4.6300 -40.3900 5 77 -5.2600 -35.7600 6 79 0.2300 -38.8500 7 68 -2.5700 -46.1400 9 63 0.5200 -45.4000 10 75 -2.5900 -47.2000 11 70 -2.3400 -45.2200 12 63 -3.2600 -43.6300 14 83 5.9900 -36.9200 15 136 2.4200 -35.6400 18 73 4.9600 -38.9500 20 139 13.2100 -30.5500 23 98 3.7000 -26.4900 25 85 10.0300 -36.6100 26 85 7.7100 -37.4700
-6.2880476215e-01 -2.3521595138e-01 2.9742129807e+00
130 117 111
19 0 88 -20.8100 -45.7600 1 173 -20.3800 -42.3700 2 155 -26.5800 -46.6500 5 74 -30.7900 -36.7800 6 77 -25.0300 -39.8400 7 130 -29.0200 -47.4400 9 61 -26.2700 -47.9800 10 72 -29.8200 -48.8600 11 68 -29.9000 -47.1100 14 56 -21.0900 -39.7800 15 51 -23.9600 -39.4000 16 153 -18.7600 -38.9200 17 47 -20.5000 -37.3500 18 71 -22.0600 -44.4400 20 52 -11.9700 -36.2200 21 53 -20.0200 -36.8100 23 63 -19.8900 -34.2200 25 41 -13.9800 -44.7200 26 32 -15.6000 -46.6400
2.9389543864e-01 -2.3969401405e-01 2.8199638406e+00
83 93 83
2 0 90 -153.6700 -42.1000 1 95 -153.4700 -37.7200
2.9389543864e-01 -2.3969401405e-01 2.8199638406e+00
83 93 83
2 0 91 -153.6700 -42.1000 1 96 -153.4700 -37.7200
-6.7201873441e-01 -2.7856468767e-01 2.9431022472e+00
33 29 18
25 0 93 -13.1700 -39.1200 1 97 -12.4300 -35.2500 2 159 -18.9200 -39.7900 3 88 -22.9400 -37.0700 4 72 -22.5200 -34.0300 5 81 -23.6000 -29.6700 6 82 -17.9900 -32.7800 7 70 -21.3900 -39.9900 8 58 -23.2600 -53.0500 9 68 -19.2300 -39.9700 10 78 -22.6900 -41.3500 11 73 -22.9100 -39.4000 12 66 -23.6900 -38.6900 13 73 -16.7000 -38.3900 14 88 -15.1200 -32.6200 15 82 -18.1600 -32.2700 16 89 -13.5000 -30.8100 17 75 -14.9400 -29.9800 18 78 -16.6700 -36.0500 19 147 -8.4700 -30.4800 20 85 -7.5400 -28.7800 21 148 -16.2200 -29.4400 23 100 -16.5900 -26.3000 25 83 -11.3300 -36.8500 26 83 -13.0400 -38.2100
-6.7669992003e-01 -5.2646864750e-01 2.9223475195e+00
29 16 6
3 0 95 -12.6200 -3.2800 1 104 -11.5600 0.4800 2 61 -18.2200 -3.7300
-6.8449234746e-01 -5.9047456993e-01 2.9052657297e+00
121 94 67
7 0 96 -10.7500 5.7800 1 106 -9.5800 9.8800 2 86 -16.2700 5.2300 3 66 -22.0800 7.8300 4 48 -22.6200 11.0700 5 52 -23.6500 15.4000 6 59 -17.7200 12.4100
-6.9678766464e-01 -5.9485828166e-01 2.8404883207e+00
47 5 0
14 0 97 -7.1400 6.9800 1 108 -6.0300 11.0400 2 87 -12.4400 6.4300 3 97 -17.5100 9.1000 4 83 -17.4300 12.3600 5 95 -17.9200 16.6600 6 92 -11.9000 13.4700 7 78 -14.7100 6.5000 8 44 -16.2200 -6.2200 9 44 -12.9000 7.3400 10 52 -15.7300 5.7500 11 48 -15.2900 7.6100 12 43 -16.7800 8.4400 14 62 -7.8200 13.6400
-7.1529596310e-01 -8.3023734240e-01 2.8669248260e+00
25 12 1
8 0 99 -5.3300 39.8800 1 113 -4.3500 44.0400 2 91 -10.8600 39.3000 3 102 -17.9300 42.0200 4 54 -18.7800 45.0500 5 97 -20.2600 49.2000 6 158 -14.9300 45.8600 7 81 -17.2700 39.5300
-8.2946860915e-01 -8.7625471492e-01 2.8066749424e+00
184 158 120
13 0 100 14.0900 47.5800 1 115 15.2800 51.5200 2 92 8.4000 46.5800 3 103 0.4200 49.8600 4 85 -1.2000 52.7700 5 98 -2.6000 56.8100 8 75 -2.7400 34.6500 9 87 -0.8500 48.8100 10 94 -3.2900 47.2600 11 156 -3.8800 48.9100 12 142 -6.9300 49.6400 13 89 -1.7500 49.5900 14 166 -1.8200 54.5500
-8.3690898767e-01 -9.1008631688e-01 2.8930657793e+00
198 172 124
3 0 101 9.0500 48.9000 1 116 9.8700 53.0500 2 93 2.9900 48.1600
-1.4476845597e+00 3.3687523141e-01 3.6892969395e+00
93 75 51
2 0 102 40.5200 -115.7300 1 120 41.1000 -111.8300
-3.6574480485e-01 3.0078885592e-01 3.9348433191e+00
27 23 22
2 0 104 -88.1600 -115.1000 1 121 -88.1300 -110.8600
-3.5858450961e-01 2.0533214614e-01 3.0114962390e+00
120 91 78
14 0 108 -59.9700 -108.2700 1 124 -59.3300 -104.1200 2 99 -65.2300 -109.0100 4 91 -62.1700 -106.2900 5 104 -62.1000 -101.8900 6 99 -55.8800 -105.2700 7 83 -59.7500 -113.1800 9 92 -53.3500 -116.3300 11 93 -55.5900 -116.0000 12 80 -53.2700 -115.8500 13 92 -43.0300 -115.9400 14 104 -37.8000 -109.7400 15 99 -36.7700 -108.9200 16 109 -29.6900 -107.3900
-4.3481878118e-01 1.6810952289e-01 2.8996011391e+00
126 75 41
8 0 109 -43.6200 -103.8500 1 74 -43.6200 -99.5400 2 102 -48.9600 -104.4300 5 62 -45.3200 -95.3900 9 106 -36.0000 -109.0700 12 87 -35.0800 -107.5000 13 104 -24.2200 -106.4900 15 112 -18.7500 -98.7600
-3.2629132485e-01 1.2366245671e-01 3.0618301744e+00
166 110 89
4 0 115 -65.9000 -97.5600 1 130 -65.4000 -93.3400 2 112 -71.5000 -98.3600 3 116 -71.7800 -98.3800
-3.2629132485e-01 1.2366245671e-01 3.0618301744e+00
166 110 89
4 0 116 -65.9000 -97.5600 1 131 -65.4000 -93.3400 2 113 -71.5000 -98.3600 3 117 -71.7800 -98.3800
-3.4808808313e-01 9.9835030094e-02 2.9654764563e+00
121 48 1
25 0 121 -58.7200 -92.5300 1 139 -57.8100 -88.2100 2 121 -63.8700 -93.1700 3 123 -63.8800 -92.5400 4 105 -61.2200 -90.1400 5 117 -61.1400 -85.7500 6 70 -54.9700 -88.9200 7 105 -58.3700 -96.6500 8 49 -59.3400 -111.5100 9 53 -52.7200 -99.3700 10 64 -55.7800 -100.8700 11 55 -54.5600 -98.9500 12 52 -51.9700 -98.7500 13 59 -41.8200 -98.7300 14 70 -36.5800 -92.7900 15 67 -36.1900 -92.1300 16 68 -29.3300 -90.6700 17 61 -28.5900 -90.2700 18 63 -26.5900 -97.3500 19 67 -14.6800 -91.2900 20 68 -11.2000 -89.2200 21 74 -15.1100 -89.5600 23 137 -8.1800 -85.8100 25 126 2.3400 -99.1400 26 110 3.8400 -102.1300
-3.4812542998e-01 9.9682740242e-02 2.9652840517e+00
121 48 1
24 0 122 -58.7200 -92.5300 1 140 -57.8100 -88.2100 2 122 -63.8700 -93.1700 3 124 -63.8800 -92.5400 4 106 -61.2200 -90.1400 5 118 -61.1400 -85.7500 6 71 -54.9700 -88.9200 7 106 -58.3700 -96.6500 8 50 -59.3400 -111.5100 9 54 -52.7200 -99.3700 10 65 -55.7800 -100.8700 11 56 -54.5600 -98.9500 12 53 -51.9700 -98.7500 14 71 -36.5800 -92.7900 15 68 -36.1900 -92.1300 16 69 -29.3300 -90.6700 17 62 -28.5900 -90.2700 18 64 -26.5900 -97.3500 19 68 -14.6800 -91.2900 20 69 -11.2000 -89.2200 21 75 -15.1100 -89.5600 23 138 -8.1800 -85.8100 25 127 2.3400 -99.1400 26 111 3.8400 -102.1300
-4.8381560623e-01 8.2241054046e-02 2.8917463417e+00
158 95 59
15 0 126 -36.2500 -91.4700 1 77 -35.9600 -87.6300 4 112 -39.6300 -86.9900 6 72 -33.1100 -85.8800 10 122 -34.0400 -96.5400 11 58 -32.8400 -94.4500 12 102 -30.9800 -93.4700 14 74 -17.5200 -86.9700 15 119 -17.9400 -85.2700 18 110 -10.2600 -89.6100 19 125 0.4500 -83.0800 20 123 2.9900 -80.9400 21 133 -1.7400 -80.3900 25 140 11.3900 -88.5400 26 74 11.7100 -90.7700
-7.9356983176e-01 7.6993500812e-02 2.7721794498e+00
12 11 11
5 0 128 11.8000 -90.3300 1 145 12.2500 -86.3700 4 123 8.0400 -81.7000 6 128 14.0300 -79.8300 9 134 16.3600 -86.4600
9.2104592390e-02 9.2071972167e-02 4.5949306187e+00
29 6 0
2 0 129 -152.5600 -89.7400 1 79 -152.6200 -85.0800
9.2104592390e-02 9.2071972167e-02 4.5949306187e+00
29 6 0
2 0 130 -152.5600 -89.7400 1 80 -152.6200 -85.0800
-1.5129817545e+00 1.3529786475e-01 5.1949091343e+00
14 12 14
2 0 131 -13.0800 -88.6800 1 148 -12.9500 -84.5400
-4.4340638281e-01 1.8491859335e-02 3.1024922173e+00
49 8 1
13 0 137 -51.2800 -82.3800 1 155 -50.7400 -78.1100 2 134 -57.0800 -83.0800 3 135 -59.3700 -82.4000 4 124 -58.3800 -80.0200 5 124 -59.5000 -75.5600 6 129 -53.9500 -78.9000 7 121 -58.1300 -86.4900 8 52 -59.7800 -100.9300 9 56 -54.6300 -88.9300 11 61 -58.2700 -88.7100 12 57 -57.7500 -88.7800 13 64 -49.4900 -89.0700
1.4803219124e-01 -7.6249645280e-02 2.2160892327e+00
164 132 91
2 0 144 -112.7100 -66.8400 1 163 -112.1800 -62.8200
6.1563414238e-01 -3.5046509929e-02 -4.0953211827e-01
161 129 83
2 0 146 -117.7600 -63.2300 1 159 -112.7800 -76.0500
3.5732257489e-01 -1.2704110456e-01 2.0188421790e+00
144 140 118
2 0 152 -149.7200 -55.6400 1 92 -149.6400 -51.5700
2.1224335318e-01 -1.9914558548e-01 3.5055791038e+00
13 12 3
2 0 153 -152.3800 -53.3300 1 168 -152.2000 -48.8300
-4.6454085105e-01 -2.0466375746e-01 3.2602658325e+00
64 61 58
5 0 155 -54.7000 -50.9700 1 169 -54.2700 -46.9300 3 147 -67.4600 -51.3500 4 68 -69.1500 -49.4100 5 126 -71.9300 -45.6900
-6.6402018906e-01 -2.0670566470e-01 2.8994552188e+00
29 24 21
13 0 158 -12.4300 -48.9400 1 171 -11.9200 -44.8700 2 80 -17.9000 -49.6300 3 80 -20.9300 -46.9400 4 137 -20.4100 -43.5000 5 73 -20.6800 -39.1500 6 76 -14.6800 -42.3300 7 66 -18.0800 -49.5300 8 40 -19.3500 -62.9800 9 60 -15.2000 -49.5800 10 47 -18.2200 -51.3000 11 67 -18.7000 -49.0300 15 76 -11.5400 -41.0900
3.5382802103e-01 -1.4928129690e-01 1.7008254312e+00
156 121 83
2 0 161 -140.0200 -47.4000 1 172 -139.7500 -43.4700
-7.9114371576e-01 -2.4088999875e-01 2.7923180230e+00
104 97 94
8 0 162 10.2600 -43.5500 1 174 11.1500 -39.8000 3 151 1.6700 -40.2700 7 132 4.7500 -42.3000 9 145 7.5200 -41.4400 13 135 11.0000 -39.0500 16 159 13.6000 -30.0100 26 135 11.8700 -32.0700
-7.1114862586e-01 -2.6903937481e-01 2.8729449133e+00
32 21 15
19 0 165 -4.7100 -40.5000 1 175 -3.8600 -36.5200 2 156 -10.2400 -40.9500 3 84 -13.4300 -37.6000 4 143 -13.4900 -34.4900 5 133 -14.5700 -30.1600 6 80 -8.1800 -33.1200 7 135 -11.5100 -40.3700 8 105 -13.0900 -53.4700 9 66 -8.4300 -39.6400 10 48 -11.5800 -41.0400 11 71 -11.7600 -39.3500 12 37 -12.4400 -37.8800 13 46 -5.3700 -37.3700 14 90 -4.0700 -31.8600 18 53 -5.2700 -33.9300 19 51 2.8900 -28.1000 25 62 -0.5600 -33.1300 26 57 -2.3600 -34.1100
-7.1111050903e-01 -2.7085411566e-01 2.8721785476e+00
32 21 15
24 0 166 -4.7100 -40.5000 1 176 -3.8600 -36.5200 2 157 -10.2400 -40.9500 3 85 -13.4300 -37.6000 4 144 -13.4900 -34.4900 5 134 -14.5700 -30.1600 6 81 -8.1800 -33.1200 7 136 -11.5100 -40.3700 8 106 -13.0900 -53.4700 9 67 -8.4300 -39.6400 10 49 -11.5800 -41.0400 11 72 -11.7600 -39.3500 12 38 -12.4400 -37.8800 13 47 -5.3700 -37.3700 14 91 -4.0700 -31.8600 16 90 -2.1200 -29.3400 17 76 -3.5800 -28.2200 18 54 -5.2700 -33.9300 19 52 2.8900 -28.1000 20 53 3.7700 -26.3400 21 85 -5.1900 -26.2100 23 102 -6.1500 -22.8500 25 63 -0.5600 -33.1300 26 58 -2.3600 -34.1100
-5.9612892605e-01 -2.7502930860e-01 3.0593650104e+00
35 24 19
14 0 167 -29.0800 -40.0700 1 178 -28.1100 -36.0500 2 158 -35.2800 -40.4300 3 83 -39.0600 -39.1500 4 142 -39.6700 -35.7300 5 78 -40.7300 -31.8300 7 134 -39.4000 -42.0300 9 144 -37.4500 -42.5300 10 138 -41.9300 -43.7700 11 136 -42.3600 -41.9900 12 118 -42.9100 -41.4200 13 69 -35.9100 -42.1300 14 84 -34.9400 -36.4700 16 82 -32.2000 -35.0200
-6.4376781268e-01 -2.7970867708e-01 2.9795945347e+00
51 42 27
15 0 168 -18.8500 -39.2200 1 180 -18.4100 -35.2500 3 86 -28.9200 -37.5300 4 145 -28.4600 -34.5100 5 79 -29.8400 -30.2000 6 83 -24.0800 -33.2400 9 64 -25.7000 -40.6000 10 76 -29.0500 -41.9500 15 79 -24.4800 -33.5100 16 86 -19.7300 -32.0400 19 83 -14.8800 -32.1100 20 140 -13.3600 -30.5800 21 145 -21.9700 -31.4100 25 152 -16.6300 -39.1800 26 81 -18.5400 -40.4100
-6.4182314494e-01 -2.7870831008e-01 2.9787638969e+00
51 42 27
23 0 169 -18.8500 -39.2200 1 181 -18.4100 -35.2500 2 160 -25.1300 -39.9100 3 87 -28.9200 -37.5300 4 146 -28.4600 -34.5100 5 80 -29.8400 -30.2000 6 84 -24.0800 -33.2400 7 69 -27.8000 -40.5900 8 57 -29.8300 -53.9000 9 65 -25.7000 -40.6000 10 77 -29.0500 -41.9500 11 137 -29.3300 -40.4800 12 119 -30.5300 -39.4800 13 133 -23.8100 -39.6200 14 85 -21.3400 -33.9400 15 80 -24.4800 -33.5100 16 87 -19.7300 -32.0400 17 73 -21.0900 -31.3200 18 76 -23.0200 -37.9000 19 84 -14.8800 -32.1100 20 141 -13.3600 -30.5800 21 146 -21.9700 -31.4100 25 153 -16.6300 -39.1800
-6.1501041126e-01 -2.9001504400e-01 3.0438895990e+00
148 139 122
24 0 171 -25.9100 -38.0200 1 182 -25.3100 -33.9800 2 162 -31.9400 -38.6600 3 153 -36.4300 -36.7500 4 147 -36.2200 -33.8300 5 135 -37.9500 -29.6900 6 137 -32.3400 -32.6800 7 137 -36.1100 -39.8600 8 107 -38.3600 -53.0600 10 139 -38.1300 -41.5900 11 138 -38.0600 -39.6600 12 120 -39.3400 -39.2900 13 134 -32.8900 -39.4100 14 141 -31.4300 -33.9200 15 137 -34.3300 -33.8900 16 158 -29.5300 -32.5300 17 137 -31.3900 -31.9100 18 124 -33.2600 -38.8500 19 143 -24.7000 -33.3200 20 137 -23.7900 -31.7000 21 144 -31.8800 -32.8400 23 154 -31.4800 -30.3200 25 150 -26.3500 -41.3800 26 78 -28.4000 -43.2900
-6.0277281897e-01 -2.9737973616e-01 3.0886048029e+00
160 147 141
25 0 173 -30.1800 -37.0500 1 98 -29.4300 -33.0200 2 163 -36.2500 -37.6400 3 89 -40.7700 -36.0700 4 73 -41.2800 -33.3300 5 82 -42.6700 -29.1200 6 138 -37.0500 -32.1800 7 71 -41.0200 -39.1600 8 59 -43.2400 -52.4800 9 69 -39.7600 -39.8800 10 79 -43.5500 -41.0700 11 74 -43.8400 -39.2400 12 64 -45.2400 -38.9100 13 70 -38.7000 -39.2000 14 86 -37.2200 -33.8700 15 77 -40.4300 -34.0200 16 84 -35.5200 -32.6200 17 71 -37.4300 -32.0600 18 74 -39.3600 -39.0300 19 81 -31.2100 -33.9000 20 82 -30.1200 -32.1800 21 82 -38.4800 -33.7400 23 95 -38.7300 -31.7400 25 77 -33.7700 -42.9100 26 55 -35.7400 -45.0200
-6.0254765995e-01 -2.9735086196e-01 3.0885652108e+00
160 147 141
24 0 174 -30.1800 -37.0500 1 99 -29.4300 -33.0200 2 164 -36.2500 -37.6400 3 90 -40.7700 -36.0700 4 74 -41.2800 -33.3300 6 139 -37.0500 -32.1800 7 72 -41.0200 -39.1600 8 60 -43.2400 -52.4800 9 70 -39.7600 -39.8800 10 80 -43.5500 -41.0700 11 75 -43.8400 -39.2400 12 65 -45.2400 -38.9100 13 71 -38.7000 -39.2000 14 87 -37.2200 -33.8700 15 78 -40.4300 -34.0200 16 85 -35.5200 -32.6200 17 72 -37.4300 -32.0600 18 75 -39.3600 -39.0300 19 82 -31.2100 -33.9000 20 83 -30.1200 -32.1800 21 83 -38.4800 -33.7400 23 96 -38.7300 -31.7400 25 78 -33.7700 -42.9100 26 56 -35.7400 -45.0200
-6.6541577821e-01 -2.9859799555e-01 2.9645457661e+00
123 121 108
24 0 176 -15.0300 -36.2000 1 100 -15.0600 -32.5900 2 83 -21.3400 -37.0500 3 91 -25.3200 -34.5400 4 148 -25.1900 -31.4700 5 83 -26.5100 -27.2100 6 141 -19.6800 -29.5600 8 61 -25.8700 -50.4000 9 71 -22.4400 -37.6000 10 81 -25.4800 -38.8200 11 78 -25.5200 -36.7500 12 67 -26.9400 -36.1700 13 74 -20.0200 -35.9300 14 92 -18.4200 -30.3900 15 83 -21.9500 -30.2000 16 161 -16.4500 -28.4800 17 77 -18.4600 -27.5800 18 79 -20.7000 -34.1500 19 85 -12.1700 -28.4600 20 86 -11.3000 -26.9200 21 149 -19.8600 -27.3500 23 101 -20.6400 -24.9400 25 86 -15.3500 -35.2600 26 86 -17.3800 -36.8700
2.9275897161e-01 -2.7686358721e-01 2.8050375347e+00
95 102 92
2 0 178 -153.2200 -35.9100 1 184 -152.7200 -31.4800
-7.3606802983e-01 -3.2366090393e-01 2.9263785324e+00
31 25 19
7 0 182 -3.7600 -32.2600 1 186 -3.3600 -28.1000 4 151 -13.8500 -26.3100 6 144 -9.3600 -25.1900 7 144 -12.6600 -32.4600 8 113 -13.9800 -45.4100 12 124 -15.2900 -30.4200
-5.4703919336e-01 -4.1820686174e-01 3.1063711218e+00
190 172 133
3 0 186 -37.5500 -20.5600 1 187 -36.9700 -16.3900 3 158 -50.0500 -18.1800
-7.4324583306e-01 -4.6253185568e-01 2.9179231428e+00
71 56 45
7 0 188 -1.6800 -12.3400 1 102 -0.8000 -8.4200 2 171 -8.1800 -12.6800 3 95 -13.8700 -9.9700 4 79 -14.9900 -6.7200 5 89 -16.5700 -2.5200 6 90 -11.3200 -5.4900
-6.1102530067e-01 -4.8307737150e-01 3.1734307297e+00
196 174 124
5 0 189 -31.8600 -12.1400 1 188 -30.4100 -7.6000 5 141 -50.8500 -5.5600 7 148 -49.4700 -13.6200 8 115 -51.4700 -25.0700
-7.1116476081e-01 -5.2358139315e-01 2.8943066153e+00
50 6 1
3 0 194 -6.4500 -3.4100 1 192 -5.4500 0.5100 3 165 -17.4600 -1.2000
3.5084536433e-01 -4.2466935314e-01 2.3850103848e+00
35 10 1
2 0 195 -154.9400 -2.8800 1 193 -154.9800 1.4800
-7.3586378741e-01 -5.4738301155e-01 2.8201629708e+00
43 11 0
8 0 196 0.0000 0.7600 1 195 1.2100 4.7700 5 93 -11.1400 10.8400 8 119 -9.4800 -12.1200 9 158 -5.9300 1.5200 11 143 -8.8800 1.7200 12 134 -10.5000 2.7800 17 148 -2.7400 10.5000
