# Bundle file v0.3
44 455
5.3200000000e+02 0.0000000000e+00 0.0000000000e+00
8.8697098210e-01 -5.6271525937e-02 4.5838410999e-01
-2.2435735660e-02 9.8612679811e-01 1.6447059256e-01
-4.6127986590e-01 -1.5616482773e-01 8.7340336151e-01
-6.3510464360e-01 -9.9104366252e-02 -6.5420700763e-01
5.3200000000e+02 0.0000000000e+00 0.0000000000e+00
8.8733081107e-01 -5.0809220281e-02 4.5832570826e-01
-2.3764205894e-02 9.8755212880e-01 1.5548651201e-01
-4.6052067732e-01 -1.4885971931e-01 8.7507799066e-01
-6.3680499168e-01 -9.0443109938e-02 -6.6269673377e-01
5.3200000000e+02 0.0000000000e+00 0.0000000000e+00
8.6712221679e-01 -5.8364864317e-02 4.9466413228e-01
-3.1285046314e-02 9.8476849807e-01 1.7103289477e-01
-4.9711196629e-01 -1.6378201315e-01 8.5208869558e-01
-7.3206684470e-01 -1.2294225108e-01 -6.2020599835e-01
5.3200000000e+02 0.0000000000e+00 0.0000000000e+00
-9.1519619512e-01 1.0204639788e-01 -3.8987492496e-01
-1.0726428148e-01 -9.9419481541e-01 -8.4286965241e-03
-3.8847174717e-01 3.4105742702e-02 9.2082924582e-01
3.8965782162e-01 -4.4356550750e-01 -5.1896161232e+00
5.3200000000e+02 0.0000000000e+00 0.0000000000e+00
-8.9491305613e-01 1.2436116195e-01 -4.2856145811e-01
-1.3442490576e-01 -9.9090018365e-01 -6.8389140640e-03
-4.2551212284e-01 5.1489100133e-02 9.0348674914e-01
5.2560740046e-01 -4.5458336279e-01 -5.1343614075e+00
5.3200000000e+02 0.0000000000e+00 0.0000000000e+00
7.6163005734e-01 -1.3439440699e-01 6.3392254979e-01
-4.3854289162e-03 9.7716591742e-01 2.1243243126e-01
-6.4799724056e-01 -1.6457494708e-01 7.4364955659e-01
-1.2155871065e+00 -2.6872053921e-01 -4.2200796176e-01
5.3200000000e+02 0.0000000000e+00 0.0000000000e+00
-8.7001766092e-01 1.3217855059e-01 -4.7497168384e-01
-1.2319847727e-01 -9.9111414575e-01 -5.0148632111e-02
-4.7737972819e-01 1.4885592587e-02 8.7857100695e-01
7.0062463415e-01 -3.1432560121e-01 -5.1167827569e+00
5.3200000000e+02 0.0000000000e+00 0.0000000000e+00
-8.5701249328e-01 1.2573075139e-01 -4.9972128684e-01
-1.2475558820e-01 -9.9155140424e-01 -3.5522612037e-02
-4.9996562840e-01 3.1899700768e-02 8.6545755500e-01
7.6731819999e-01 -3.8751121292e-01 -5.0801922279e+00
5.3200000000e+02 0.0000000000e+00 0.0000000000e+00
-8.3795439785e-01 1.3911376187e-01 -5.2771184219e-01
-1.4909682357e-01 -9.8853509033e-01 -2.3843497790e-02
-5.2497863226e-01 5.8700395595e-02 8.4908874638e-01
8.6050488690e-01 -4.9050366999e-01 -5.0222080702e+00
5.3200000000e+02 0.0000000000e+00 0.0000000000e+00
7.0743938654e-01 -1.6408317094e-01 6.8746361895e-01
2.5970290585e-02 9.7805612814e-01 2.0671660362e-01
-7.0629672120e-01 -1.2838583730e-01 6.9617671493e-01
-1.4418398375e+00 -1.8865148727e-01 -3.5441376913e-01
5.3200000000e+02 0.0000000000e+00 0.0000000000e+00
-7.9729290351e-01 1.5849113591e-01 -5.8241272809e-01
-1.8093008244e-01 -9.8329464043e-01 -1.9898627180e-02
-5.7583707008e-01 8.9510948665e-02 8.1264965317e-01
1.0589418612e+00 -4.7500002556e-01 -4.9265777262e+00
5.3200000000e+02 0.0000000000e+00 0.0000000000e+00
-7.7652400294e-01 1.6155170530e-01 -6.0902505644e-01
-1.8585227940e-01 -9.8229425529e-01 -2.3599285336e-02
-6.0205431905e-01 9.4863283438e-02 7.9279981986e-01
1.1533357778e+00 -4.6006668597e-01 -4.8855220028e+00
5.3200000000e+02 0.0000000000e+00 0.0000000000e+00
-7.4278538133e-01 1.9210435321e-01 -6.4137804355e-01
-2.1895113987e-01 -9.7497777520e-01 -3.8454339419e-02
-6.3271658397e-01 1.1186713255e-01 7.6626070565e-01
1.2761864458e+00 -4.3682548715e-01 -4.8413567442e+00
5.3200000000e+02 0.0000000000e+00 0.0000000000e+00
-6.9141246007e-01 2.0554133015e-01 -6.9260491744e-01
-2.2452805985e-01 -9.7233632141e-01 -6.4414504599e-02
-6.8668476057e-01 1.1097224727e-01 7.1843524408e-01
1.4950604699e+00 -3.6595376445e-01 -4.7588464809e+00
5.3200000000e+02 0.0000000000e+00 0.0000000000e+00
5.2888599246e-01 -2.0524548261e-01 8.2350100112e-01
6.3758278739e-02 9.7718367712e-01 2.0260045179e-01
-8.4629456389e-01 -5.4647534646e-02 5.2990485758e-01
-1.9988774245e+00 -1.7636274173e-01 1.0493704310e-01
5.3200000000e+02 0.0000000000e+00 0.0000000000e+00
-5.8944732404e-01 2.4708135029e-01 -7.6909210016e-01
-2.3996157281e-01 -9.6265498374e-01 -1.2535479985e-01
-7.7134317638e-01 1.1066249867e-01 6.2672443357e-01
1.7987639563e+00 -1.7267117890e-01 -4.5765797756e+00
5.3200000000e+02 0.0000000000e+00 0.0000000000e+00
-5.4941196395e-01 2.4653780926e-01 -7.9835180370e-01
-2.4908278726e-01 -9.6036160397e-01 -1.2515332481e-01
-7.9756144525e-01 1.3009495850e-01 5.8904247964e-01
1.9341135234e+00 -1.7467607195e-01 -4.4941448628e+00
5.3200000000e+02 0.0000000000e+00 0.0000000000e+00
-5.1970848683e-01 2.5365881055e-01 -8.1581878904e-01
-2.3785586432e-01 -9.6011230288e-01 -1.4699984240e-01
-8.2056546145e-01 1.1765021754e-01 5.5931274774e-01
2.0029917335e+00 -9.8226472828e-02 -4.4189367393e+00
5.3200000000e+02 0.0000000000e+00 0.0000000000e+00
-4.6435339787e-01 2.8288017744e-01 -8.3925843880e-01
-2.8988694414e-01 -9.4396540524e-01 -1.5778109305e-01
-8.3686407588e-01 1.7002387749e-01 5.2033681359e-01
2.1115197043e+00 -1.2626128319e-01 -4.3030203038e+00
5.3200000000e+02 0.0000000000e+00 0.0000000000e+00
-4.1452678703e-01 2.9950145020e-01 -8.5934069155e-01
-3.0514655466e-01 -9.3536889680e-01 -1.7880326359e-01
-8.5735239138e-01 1.8810610894e-01 4.7912729913e-01
2.2461015410e+00 -5.0722595975e-02 -4.2106604259e+00
5.3200000000e+02 0.0000000000e+00 0.0000000000e+00
-3.5354043607e-01 2.9287314065e-01 -8.8838870071e-01
-2.8455097258e-01 -9.3838636610e-01 -1.9611673033e-01
-8.9108916729e-01 1.8345667446e-01 4.1509486208e-01
2.3779746968e+00 1.9383643247e-02 -4.0637586547e+00
5.3200000000e+02 0.0000000000e+00 0.0000000000e+00
-2.9392714792e-01 3.2049994519e-01 -9.0049243020e-01
-3.0766886563e-01 -9.2369079343e-01 -2.2833131028e-01
-9.0495673976e-01 2.0994071370e-01 3.7010565504e-01
2.4277359995e+00 9.6657291558e-02 -3.9522152478e+00
5.3200000000e+02 0.0000000000e+00 0.0000000000e+00
1.8409539800e-01 -3.5513686717e-01 9.1650787777e-01
-2.3691389294e-02 9.3057071232e-01 3.6534486099e-01
-9.8262281803e-01 -8.8971652515e-02 1.6290009988e-01
-2.5551200764e+00 -7.4689600178e-01 9.9419739021e-01
5.3200000000e+02 0.0000000000e+00 0.0000000000e+00
-1.6575695009e-01 3.4410358449e-01 -9.2418469834e-01
-2.9626510495e-01 -9.1123428973e-01 -2.8614516738e-01
-9.4061236494e-01 2.2637312642e-01 2.5298930126e-01
2.5968515612e+00 2.9025938660e-01 -3.6181501695e+00
5.3200000000e+02 0.0000000000e+00 0.0000000000e+00
-1.2542817842e-01 3.3979062161e-01 -9.3209983667e-01
-2.9784850678e-01 -9.0907662255e-01 -2.9131762965e-01
-9.4633716986e-01 2.4108510490e-01 2.1522995407e-01
2.6554891100e+00 2.9198820760e-01 -3.4728417660e+00
5.3200000000e+02 0.0000000000e+00 0.0000000000e+00
-5.5953417944e-02 3.4124313637e-01 -9.3830823129e-01
-3.0005070834e-01 -9.0208626765e-01 -3.1017726889e-01
-9.5228083434e-01 2.6418457108e-01 1.5286505474e-01
2.7438090389e+00 3.2265090487e-01 -3.2253464181e+00
5.3200000000e+02 0.0000000000e+00 0.0000000000e+00
-2.2891400788e-02 3.5855479892e-01 -9.3322796783e-01
-3.4342644579e-01 -8.7948790982e-01 -3.2948337260e-01
-9.3890055922e-01 3.1295282817e-01 1.4326991045e-01
2.7510721060e+00 3.5042883820e-01 -3.1391403860e+00
5.3200000000e+02 0.0000000000e+00 0.0000000000e+00
1.6580655327e-02 3.6575014013e-01 -9.3056537485e-01
-3.4042552991e-01 -8.7302357403e-01 -3.4919950999e-01
-9.4012527913e-01 3.2257816757e-01 1.1003538230e-01
2.7744274018e+00 4.2516886495e-01 -3.0001676997e+00
5.3200000000e+02 0.0000000000e+00 0.0000000000e+00
6.7491652419e-02 3.7795521230e-01 -9.2336056573e-01
-3.3310106151e-01 -8.6383308800e-01 -3.7793660698e-01
-9.4047251936e-01 3.3307995071e-01 6.7595759897e-02
2.7943321906e+00 5.2556501575e-01 -2.8209286257e+00
5.3200000000e+02 0.0000000000e+00 0.0000000000e+00
-5.4592714429e-02 -4.0492602395e-01 9.1271822084e-01
1.1493923419e-02 9.1376597853e-01 4.0607834984e-01
-9.9844254980e-01 3.2659632721e-02 -4.5230776411e-02
-2.8028318753e+00 -8.4235625190e-01 1.3849888748e+00
5.3200000000e+02 0.0000000000e+00 0.0000000000e+00
1.6870201652e-01 3.5879619969e-01 -9.1804407122e-01
-3.4453625091e-01 -8.5117492575e-01 -3.9597476888e-01
-9.2349033640e-01 3.8310120447e-01 -1.9976628904e-02
2.8765520845e+00 5.5823337578e-01 -2.4592660400e+00
5.3200000000e+02 0.0000000000e+00 0.0000000000e+00
1.7432637169e-01 3.4387630633e-01 -9.2269139049e-01
-3.9544483535e-01 -8.3370874333e-01 -3.8542588587e-01
-9.0179470964e-01 4.3206344123e-01 -9.3533109289e-03
2.8689080093e+00 4.7991082675e-01 -2.4123342122e+00
5.3200000000e+02 0.0000000000e+00 0.0000000000e+00
2.2980674371e-01 3.3445573546e-01 -9.1396292133e-01
-3.9454709352e-01 -8.2645072540e-01 -4.0163638964e-01
-8.8967491340e-01 4.5290016505e-01 -5.7965411707e-02
2.9406424349e+00 5.3996503369e-01 -2.1960970045e+00
5.3200000000e+02 0.0000000000e+00 0.0000000000e+00
2.6409806195e-01 3.1538859394e-01 -9.1147257144e-01
-3.9727536166e-01 -8.2556285339e-01 -4.0077208252e-01
-8.7887684046e-01 4.6794872573e-01 -9.2733431873e-02
2.9739423616e+00 5.4164631261e-01 -2.0415398919e+00
5.3200000000e+02 0.0000000000e+00 0.0000000000e+00
2.8873072783e-01 3.1908340146e-01 -9.0267399969e-01
-3.9598507572e-01 -8.1860686637e-01 -4.1602718438e-01
-8.7168250333e-01 4.7756526386e-01 -1.1000469144e-01
2.9681564818e+00 5.9860179440e-01 -1.9557168929e+00
5.3200000000e+02 0.0000000000e+00 0.0000000000e+00
3.1936202728e-01 3.4653873530e-01 -8.8199705242e-01
-4.0246955395e-01 -7.9302285243e-01 -4.5731063148e-01
-8.5791966621e-01 5.0102461064e-01 -1.1379009561e-01
2.9190011678e+00 6.9906587834e-01 -1.9103852682e+00
5.3200000000e+02 0.0000000000e+00 0.0000000000e+00
3.4692237549e-01 3.0698761922e-01 -8.8622991770e-01
-4.2042449685e-01 -7.9375851928e-01 -4.3953458967e-01
-8.3838422447e-01 5.2507715120e-01 -1.4630747572e-01
2.9766344581e+00 6.3375927896e-01 -1.7784148049e+00
5.3200000000e+02 0.0000000000e+00 0.0000000000e+00
3.6784413092e-01 3.1225843460e-01 -8.7589118352e-01
-4.2370134329e-01 -7.8218766812e-01 -4.5679275775e-01
-8.2774867384e-01 5.3914480601e-01 -1.5541882480e-01
2.9680972369e+00 6.6922890554e-01 -1.7290143713e+00
5.3200000000e+02 0.0000000000e+00 0.0000000000e+00
4.0020438759e-01 3.1908853213e-01 -8.5908029707e-01
-4.3092409263e-01 -7.6179840685e-01 -4.8370198854e-01
-8.0878975917e-01 5.6377805561e-01 -1.6737212871e-01
2.9032683365e+00 7.3077705163e-01 -1.6397463233e+00
5.3200000000e+02 0.0000000000e+00 0.0000000000e+00
3.7331044558e-01 3.1747987622e-01 -8.7169136707e-01
-4.3952117427e-01 -7.6694753856e-01 -4.6756027468e-01
-8.1698252649e-01 5.5767194773e-01 -1.4677039935e-01
2.9453607513e+00 6.6037459827e-01 -1.7182888529e+00
5.3200000000e+02 0.0000000000e+00 0.0000000000e+00
4.2644307985e-01 2.9079502017e-01 -8.5649550839e-01
-4.4890565816e-01 -7.5402431972e-01 -4.7951124631e-01
-7.8525792560e-01 5.8896993260e-01 -1.9100892326e-01
2.9510829017e+00 6.6551819900e-01 -1.5233527042e+00
0 0 0
0 0 0
0 0 0
0 0 0
0 0 0
0 0 0
0 0 0
0 0 0
0 0 0
0 0 0
0 0 0
0 0 0
0 0 0
0 0 0
0 0 0
-5.3492021374e-01 -4.0135858898e-01 3.0559119855e+00
202 172 110
6 0 0 -73.4500 -5.6400 1 0 -73.4300 -1.9000 2 0 -77.6700 -6.0000 3 0 -83.0200 -3.2900 4 0 -84.9300 0.0500 6 0 -84.7700 1.5200
-8.6159034879e-01 -5.5327027527e-01 2.9075967566e+00
0 0 255
0
-8.6159034879e-01 -5.5327027527e-01 2.9075967566e+00
0 0 255
0
-5.6754357697e-01 -1.8480113799e-01 3.2517176664e+00
182 151 87
8 0 3 -77.5800 -60.5300 1 3 -77.2200 -55.7300 2 3 -85.1900 -60.7700 5 3 -100.7200 -54.9300 6 3 -97.5900 -57.9400 7 2 -103.8200 -64.8500 10 2 -111.6900 -65.9900 11 3 -113.4200 -65.9900
-7.6028577568e-01 -3.5713147948e-01 2.9306727055e+00
25 23 20
4 0 5 -11.3400 -11.4000 1 5 -10.3600 -7.0900 2 6 -18.5200 -11.2500 3 7 -24.4100 -7.6400
-5.7822178056e-01 -1.4434431192e-02 2.9575781165e+00
156 90 40
7 0 6 -50.4600 -93.7300 1 6 -49.7000 -89.7100 2 7 -55.7300 -94.2400 3 8 -56.0800 -93.2700 4 5 -54.2300 -90.7700 5 5 -54.6800 -86.1300 6 7 -48.6000 -89.3500
-4.1517833661e-01 -3.9772257342e-02 3.3983497218e+00
173 144 83
3 0 7 -118.1600 -90.2800 1 7 -117.6300 -86.4300 2 8 -126.1100 -93.3800
-6.7598272286e-01 -1.9139423030e-01 3.1392536582e+00
24 22 23
24 0 8 -50.0400 -55.0000 1 8 -49.3400 -51.1200 2 9 -56.2800 -55.7700 3 6 -61.0400 -55.9100 4 6 -63.0800 -54.2400 5 4 -64.1600 -50.0400 6 4 -59.3500 -53.0700 7 3 -63.3800 -59.6100 8 2 -66.2300 -73.0300 9 2 -62.9700 -60.8700 10 3 -67.4200 -61.2900 11 5 -68.4700 -58.9500 12 2 -70.3800 -58.6600 13 2 -62.9100 -58.0200 14 3 -62.2700 -52.8600 15 3 -64.9400 -52.7100 16 3 -61.7200 -51.3600 17 3 -63.2900 -51.0700 18 2 -64.5900 -58.9800 19 2 -56.4000 -54.2300 20 2 -55.9000 -52.5200 21 2 -63.9900 -55.1400 22 3 -66.3200 -56.6200 24 2 -64.1600 -58.2400
-8.1535553292e-01 -2.2742615808e-01 2.9958419089e+00
110 101 91
5 0 9 -5.8200 -42.0800 1 9 -4.9100 -38.0100 2 4 -12.8400 -42.4400 3 9 -13.9500 -39.8500 6 5 -11.4200 -34.7500
-7.7268048269e-01 -2.2363667662e-01 2.9154892479e+00
110 101 91
20 0 10 -5.8200 -42.0800 1 10 -4.9100 -38.0100 2 5 -12.8400 -42.4400 3 10 -13.9500 -39.8500 4 7 -14.3800 -36.3100 5 6 -15.5100 -31.9400 6 6 -11.4200 -34.7500 7 4 -15.0900 -41.7800 8 3 -16.1000 -55.1500 9 3 -11.8900 -41.7300 11 6 -15.3800 -41.1100 12 3 -16.7900 -39.8600 16 6 -6.6800 -31.5900 23 10 -10.2700 -25.9600 25 4 -5.8000 -36.3900 24 8 -8.9100 -29.5000 30 7 -3.2800 -39.0000 32 6 7.4400 -42.4000 33 6 14.0900 -41.6600 35 6 5.0600 -47.1600
-7.3261579031e-01 -4.0607339534e-01 3.0349165060e+00
202 173 107
21 0 11 -31.8800 -0.1400 1 13 -28.6900 2.8400 2 12 -35.8100 -1.7300 3 11 -44.5400 1.4400 4 14 -41.9800 1.9200 5 18 -42.7800 5.6200 6 16 -38.3500 3.4900 7 10 -42.4400 -2.4900 8 5 -48.3500 -12.8100 9 7 -42.3400 -2.6900 10 10 -46.3100 -3.2500 11 14 -46.0900 -2.4600 12 7 -49.9500 -0.8100 13 12 -42.9200 -2.8000 14 16 -44.2200 3.3600 15 8 -50.1400 3.6700 16 15 -44.2600 3.3600 17 10 -48.7600 5.5000 18 5 -56.1400 0.9900 20 12 -46.6000 5.5900 22 18 -60.2100 0.9400
-8.1566544118e-01 -5.5029019100e-01 2.8707792677e+00
0 0 255
0
-4.9253054458e-01 3.3554175123e-02 3.2036828352e+00
177 143 82
3 0 14 -88.8500 -105.9200 1 16 -88.4400 -101.7900 2 14 -95.8500 -107.5400
-5.7276051625e-01 -3.5822691558e-02 3.4301521342e+00
41 23 15
3 0 15 -87.7000 -90.2000 1 17 -87.6400 -85.8700 2 16 -96.4500 -91.5700
-6.9275622701e-01 -2.7832184634e-01 3.0821455246e+00
44 40 43
12 0 16 -39.5000 -32.1700 1 19 -38.5100 -27.9800 2 17 -45.8700 -32.7400 3 17 -51.6500 -31.2000 4 13 -53.4000 -29.1000 5 11 -55.3100 -24.8600 6 13 -50.3300 -27.9300 7 8 -55.0800 -34.5600 8 7 -57.9400 -47.5800 9 4 -55.1400 -35.6200 10 4 -59.6500 -37.0000 11 8 -60.2600 -34.2500
9.8010970410e-02 -9.7775299713e-02 1.6249557940e+00
25 14 10
2 0 18 -146.2700 -50.3600 1 18 -145.9900 -46.2000
-8.0214750101e-01 -4.1963432816e-01 2.8180587878e+00
138 71 29
28 0 19 7.2900 7.9000 1 21 8.3000 11.8200 2 19 1.7800 7.0000 3 24 -3.5000 10.5300 4 19 -3.4500 14.0600 5 19 -4.4100 18.0100 6 21 1.8600 14.9700 7 13 -0.9200 7.6700 8 13 -2.3200 -4.6000 9 10 1.0100 9.3200 10 12 -1.8400 7.6000 11 20 -1.4600 9.2100 12 10 -3.4500 10.4400 13 13 2.9300 10.6600 14 25 4.2600 16.1500 15 21 -0.0700 16.2500 16 19 4.9100 17.3700 17 22 3.1200 18.4000 18 21 0.2500 12.7400 19 28 7.2600 18.8200 20 32 8.0500 20.1800 21 26 -2.3700 20.0500 23 46 -4.6300 23.3200 25 50 0.5600 14.9300 26 40 -2.0600 14.9200 22 32 -6.7200 20.3200 24 38 -2.9900 20.7000 27 43 -3.0500 18.9000
-7.4034498870e-01 -4.8581054165e-01 2.9002466598e+00
13 3 1
11 0 20 -14.1000 20.0300 1 22 -13.3100 23.2100 2 20 -19.7500 19.6200 3 25 -26.3400 22.4600 4 15 -27.3200 25.5700 5 15 -28.6100 29.9200 6 17 -23.0900 26.3800 7 11 -26.3800 19.4500 8 9 -28.8300 7.0400 9 8 -26.5600 20.1600 10 5 -29.9100 18.3600
-5.5752403141e-01 -1.0418093012e-03 3.2866399656e+00
64 34 10
3 0 22 -81.1500 -97.1000 1 24 -80.8100 -93.0500 2 21 -88.6800 -99.0900
-5.2162632189e-01 -3.2553246608e-02 3.0953457152e+00
165 130 75
4 0 23 -74.4200 -89.9700 1 25 -74.8300 -85.8900 2 22 -81.5000 -91.5500 3 21 -85.2300 -95.0400
-5.6595670633e-01 -4.5683411912e-02 2.9907006163e+00
192 123 74
4 0 24 -56.5800 -86.4000 1 26 -55.7100 -82.0200 2 23 -62.0500 -87.0100 3 26 -63.5300 -86.5400
-2.6987600180e-01 -7.2434547882e-02 3.3368842835e+00
162 130 69
2 0 25 -146.2700 -85.2900 1 27 -146.1400 -80.8300
-2.6987600180e-01 -7.2434547882e-02 3.3368842835e+00
162 130 69
2 0 26 -146.2700 -85.2900 1 28 -146.1400 -80.8300
-1.7020642545e-02 -9.3373578829e-02 2.2208328634e+00
174 140 74
2 0 27 -151.6900 -70.9500 1 29 -151.4700 -66.6200
-7.3820690905e-01 -3.4370739519e-01 3.0623676174e+00
58 49 50
16 0 28 -28.5200 -15.8000 1 20 -27.6100 -12.2400 2 25 -34.8100 -16.2600 3 27 -41.5300 -14.3200 4 18 -43.0200 -12.2400 5 17 -44.7700 -7.7500 6 20 -39.8700 -10.9500 7 12 -44.2400 -17.3800 8 10 -47.2900 -30.4800 9 9 -45.2000 -17.3600 10 11 -49.0500 -18.0600 11 13 -50.0200 -15.7700 12 6 -53.5700 -16.9800 13 4 -48.8200 -17.9400 14 15 -47.3100 -9.5400 16 11 -49.8700 -11.4600
-5.8263659748e-01 4.7171350406e-02 2.9247814014e+00
14 3 1
23 0 32 -45.0200 -108.0500 1 51 -45.3000 -103.2100 2 73 -51.7200 -107.6300 5 25 -47.0600 -99.9200 7 30 -44.5600 -110.9000 9 25 -38.0400 -113.1500 11 22 -39.9900 -112.7000 12 20 -37.6200 -112.1300 13 26 -27.9300 -111.7300 14 54 -24.1400 -105.0800 15 38 -22.8900 -103.9500 16 47 -16.4100 -102.1700 17 34 -15.8000 -101.9700 18 26 -13.9700 -108.8500 19 37 -2.0000 -102.2400 20 63 -0.8000 -99.8400 21 45 -4.1800 -99.4900 25 55 12.2400 -108.7700 26 43 13.5800 -111.9200 24 46 5.0600 -100.0800 27 47 16.1500 -110.0800 28 51 19.5200 -109.8200 29 42 33.5300 -109.9900
-6.0628793654e-01 3.6003966060e-02 2.8824167227e+00
11 7 7
30 0 33 -37.3700 -106.2200 1 31 -36.4600 -102.0600 2 27 -42.2400 -106.6600 3 29 -41.2600 -104.8700 4 24 -38.1300 -101.7800 5 26 -37.8400 -96.9300 6 28 -31.3100 -100.2200 7 20 -34.6400 -108.1900 9 12 -27.6700 -109.8600 10 20 -30.8000 -111.3600 11 23 -29.5300 -109.1600 12 13 -27.2500 -108.1100 13 15 -17.2800 -107.4200 14 28 -12.4200 -100.6600 15 24 -11.9500 -99.0100 16 26 -5.4700 -97.2700 17 23 -5.1800 -96.5100 18 18 -3.6100 -102.7300 19 19 7.9500 -95.9700 20 27 10.0100 -93.6100 21 23 6.1800 -92.4400 23 28 10.9600 -87.7500 25 23 21.0900 -100.1700 26 18 22.0600 -102.3300 22 27 7.1100 -91.0500 24 21 14.1200 -91.9900 27 22 24.2100 -100.0000 28 27 27.2500 -98.8000 29 22 40.4600 -98.1800 30 25 38.4100 -106.0900
-5.7519714281e-01 2.4852932567e-02 2.9109326136e+00
147 91 43
24 0 34 -46.6600 -101.9400 1 32 -45.7800 -97.7400 2 28 -51.3900 -102.6300 3 30 -51.1600 -101.2100 4 25 -48.2300 -98.5100 5 27 -47.9600 -93.7800 6 29 -41.3700 -97.0400 7 21 -44.9700 -105.2100 9 17 -38.3100 -107.1800 10 21 -41.4100 -109.0000 11 24 -40.0200 -106.8900 12 14 -37.7200 -106.1500 13 16 -27.4900 -105.8800 14 42 -22.5700 -99.6400 15 25 -22.0900 -98.1300 16 35 -15.1700 -96.7800 17 24 -14.9600 -96.0300 18 28 -13.0800 -102.7900 19 20 -1.3200 -96.2700 20 38 1.6400 -94.1800 23 39 3.0300 -89.6100 25 35 13.0900 -102.9600 22 51 -0.5300 -92.6200 28 36 19.7000 -103.0900
-4.9081458193e-01 -9.9864211353e-03 3.2878414130e+00
169 139 84
3 0 35 -94.9100 -96.8400 1 40 -94.8300 -92.1200 2 48 -103.0400 -96.9700
-6.0386784303e-01 -1.7913590379e-01 3.1498398375e+00
190 163 102
7 0 36 -63.1000 -56.8600 1 42 -62.2300 -52.8000 2 29 -70.0400 -57.4200 3 33 -76.1900 -57.9400 4 27 -78.3500 -56.4000 5 50 -80.0700 -53.6100 7 25 -82.1400 -62.6800
-7.1707660023e-01 -5.0145785641e-01 2.9241622137e+00
200 174 116
11 0 39 -21.3100 22.6100 1 34 -20.2900 26.8100 2 30 -27.1600 22.1500 3 35 -33.9800 24.4700 4 29 -35.2100 27.5500 5 33 -36.9200 31.9300 6 33 -31.2200 28.9300 7 27 -34.3800 22.5100 8 26 -37.4000 9.9800 9 22 -35.4000 23.1500 10 29 -39.0000 22.1800
-8.1969161073e-01 -5.0315590607e-01 2.7869891830e+00
12 4 1
13 0 40 12.1100 28.4600 1 36 13.6000 32.0700 2 31 7.3500 27.2100 3 36 1.1200 30.6500 5 43 0.3000 38.0600 6 43 6.2400 35.2900 7 28 4.0700 28.0600 8 33 2.0400 15.8800 9 23 5.5600 29.2500 10 30 3.1800 27.6500 11 36 3.0700 29.4800 12 26 1.2200 30.1700 21 98 0.9900 34.7500
2.0071027885e-01 -5.5137437687e-02 1.1376257511e+00
168 139 84
2 0 44 -141.0700 -60.6700 1 33 -139.6700 -58.2500
-7.4115194046e-01 -2.1448981073e-01 2.9139320865e+00
119 113 91
40 0 45 -12.5500 -44.5800 1 43 -12.6000 -41.0300 2 38 -18.1700 -44.8700 3 44 -21.4100 -42.3900 4 35 -20.9200 -39.0400 5 36 -22.0100 -34.9200 6 38 -16.1300 -37.6700 7 36 -19.2200 -44.7900 8 24 -20.8900 -58.1600 9 19 -16.4600 -44.8400 10 37 -20.0800 -46.3600 11 26 -20.3200 -44.6400 12 16 -20.5700 -43.6200 13 19 -13.7800 -43.3200 14 33 -11.5300 -37.0800 15 28 -14.5800 -36.6300 16 29 -9.6600 -35.0800 17 26 -10.9700 -34.2900 18 19 -12.6200 -40.5300 19 25 -4.2200 -34.4600 20 29 -2.9700 -32.8200 21 24 -11.1500 -33.2400 23 30 -11.6600 -29.9800 25 24 -5.6900 -40.6800 26 20 -7.1800 -42.0000 22 30 -13.9700 -33.0600 24 22 -10.3300 -33.5300 27 24 -7.5600 -39.3000 28 28 -7.2900 -37.8900 29 25 3.1200 -36.4200 31 18 -6.2900 -48.8200 32 18 10.4300 -47.2200 33 19 16.9100 -46.7500 34 20 17.3700 -44.6400 35 18 12.0900 -51.4700 37 18 24.6300 -57.1400 36 18 22.9900 -51.9100 38 14 10.9800 -63.1300 39 15 20.2000 -68.2000 40 15 25.3400 -77.7100
-1.9617325973e-02 -1.7195268296e-01 2.2134212579e+00
19 11 2
2 0 46 -150.3000 -38.7300 1 45 -150.1000 -34.3300
-7.6336984762e-01 -4.4437326826e-01 2.8941828766e+00
197 133 91
40 0 48 -9.6700 11.9600 1 48 -8.6000 15.9500 2 42 -15.0500 11.2900 3 34 -20.8800 13.8600 4 28 -21.0500 16.9900 5 32 -22.0100 21.1700 6 27 -15.9400 17.9900 7 19 -18.9600 11.0100 8 21 -21.0600 -1.6400 9 14 -18.3300 11.6300 10 17 -21.4900 10.1100 11 21 -21.7500 11.8400 12 11 -24.0300 12.6000 13 14 -17.8900 12.1700 14 26 -16.6900 17.3900 15 22 -20.8800 16.7600 16 20 -15.9300 17.8900 17 15 -17.6700 18.5500 19 12 -13.6500 17.8100 20 17 -12.7100 19.1000 21 19 -23.1200 18.3900 23 19 -25.0200 21.2400 25 17 -20.1400 12.4300 26 15 -23.0400 11.8300 22 19 -27.2000 18.1900 24 16 -23.4700 18.5000 27 15 -23.6600 15.2000 28 16 -25.2800 17.3000 29 8 -14.1700 19.5500 30 9 -17.6700 13.6200 31 8 -23.4500 9.7600 32 8 -8.0500 12.9500 33 9 -1.9300 15.2500 34 8 -2.1300 18.1000 35 9 -9.3900 10.8900 37 7 3.8300 6.4100 36 10 2.8100 11.2300 38 9 -10.1200 0.6500 39 6 -0.8100 -3.7400 40 7 5.0300 -12.0200
-7.3199662212e-01 -5.4778661308e-01 2.8774235133e+00
202 175 122
4 0 49 -15.0200 35.0000 1 50 -13.8700 38.8800 2 45 -20.7100 34.2900 3 69 -28.0100 36.3000
-3.1729247073e-01 8.2413467255e-02 3.4779901448e+00
0 0 255
0
-4.8399445202e-01 -5.3508066003e-02 3.3565078089e+00
0 0 255
0
-3.3166565470e-01 -1.8148522147e-01 3.5974427633e+00
17 9 0
3 0 55 -145.3900 -64.0400 1 57 -145.1100 -59.6700 2 56 -155.3700 -64.9800
-7.3176155472e-01 -2.7059828332e-01 2.9980473492e+00
144 134 116
21 0 58 -24.3900 -31.9700 1 46 -22.8900 -27.9900 2 41 -29.6500 -32.4500 3 63 -34.9400 -30.7400 4 37 -34.6400 -27.6500 5 38 -36.2200 -23.4600 6 40 -31.1000 -26.5800 7 38 -34.5200 -33.4600 9 20 -32.7400 -33.9800 10 39 -37.2700 -35.2200 12 22 -38.7800 -32.9200 13 32 -32.5100 -33.1300 16 55 -30.7400 -26.4700 17 40 -31.9900 -25.6900 18 56 -34.6500 -32.7500 21 55 -34.2200 -27.1400 23 66 -35.0000 -24.8300 26 34 -32.4700 -37.5400 24 34 -33.4600 -28.1100 27 37 -32.6000 -34.9800 28 42 -33.2900 -33.9500
-7.2292155623e-01 -4.3990316929e-01 2.9452951940e+00
165 140 99
11 0 60 -20.5600 8.8700 1 109 -19.5800 12.9400 2 62 -26.5100 8.4100 3 67 -33.1300 10.7400 4 49 -34.7500 13.1900 5 53 -36.5100 17.1800 6 60 -31.2800 14.0500 7 51 -35.0000 7.3200 8 45 -37.8800 -5.6300 9 45 -35.7700 7.3300 10 53 -39.4900 5.8700
-7.8180351651e-01 -4.3064537159e-01 2.8223430548e+00
173 104 63
18 0 61 1.5600 9.8300 1 110 3.0800 13.5400 2 88 -3.4500 8.9100 3 99 -8.8700 12.0500 6 93 -3.3800 16.6300 8 73 -7.5500 -3.0300 9 83 -4.0100 10.4800 10 90 -6.7200 8.9600 11 88 -6.5800 10.8700 12 76 -8.1900 11.8200 13 85 -1.5700 11.8900 14 96 -0.2200 17.4000 15 156 -4.4000 17.4400 16 102 1.3600 18.1500 17 92 -0.1100 18.9900 19 164 3.9000 19.5800 20 93 5.2600 20.7000 21 93 -5.1000 20.5300
-7.7229027073e-01 -4.3940417208e-01 2.7891500350e+00
47 16 1
3 0 62 3.8800 13.7300 1 61 5.3000 17.6000 2 63 -0.8000 12.8500
-8.2383746814e-01 -4.6854423245e-01 2.8041428502e+00
98 53 31
8 0 63 11.9600 19.4700 1 62 13.9500 22.4500 2 64 7.0700 18.3700 5 96 0.4500 29.4900 9 85 4.8900 21.3800 10 92 2.2100 19.6800 11 91 2.7700 21.0500 13 87 6.8000 22.4900
-7.5523052379e-01 -4.8136289498e-01 2.8469991696e+00
39 5 2
31 0 64 -7.6400 19.4100 1 63 -6.5300 23.3400 2 65 -13.0400 18.6100 3 68 -19.1800 22.0200 4 50 -19.3600 25.0500 5 54 -20.2000 29.8700 6 41 -14.1200 25.8300 7 39 -16.7500 18.7500 8 29 -18.5100 6.1400 11 33 -17.4200 19.8000 16 41 -10.4600 26.5200 20 42 -6.4300 28.8400 23 49 -17.9600 31.4000 25 29 -13.2300 22.8500 26 25 -15.9900 22.7700 22 47 -20.9900 27.8400 24 39 -16.3200 28.7400 27 30 -16.4300 26.8100 28 43 -16.9700 30.1300 29 28 -6.8700 32.3100 30 28 -10.0800 26.6700 31 27 -15.9000 22.9200 32 28 0.5800 26.7000 33 28 7.2000 28.8800 34 30 6.9500 32.2800 35 29 -0.3500 25.5300 37 32 14.4600 21.9500 36 35 13.4100 26.8200 38 47 1.4900 16.9700 39 24 9.7800 11.9500 40 42 17.0000 4.4000
-7.5604792274e-01 -5.0584434473e-01 2.8455552514e+00
186 137 97
34 0 66 -7.8700 24.9900 1 65 -6.7100 29.0000 3 47 -19.1200 27.0000 4 51 -19.7000 30.1200 5 55 -20.5400 34.4200 6 62 -14.7300 31.2600 7 41 -16.9600 24.4600 8 31 -18.8100 11.9600 9 31 -16.0700 25.6300 10 43 -18.4300 24.1700 12 24 -20.2300 26.6700 13 36 -13.8500 26.5600 14 48 -12.6000 31.7000 15 41 -16.4400 31.3000 16 58 -11.0800 32.2200 19 44 -8.9100 32.9600 21 60 -17.9100 33.4500 23 70 -19.4300 36.5500 26 41 -17.2800 28.4900 24 41 -17.9500 34.0400 27 45 -17.9900 32.5500 28 46 -19.4000 35.3600 29 36 -8.5900 38.2000 30 42 -11.7500 32.3700 31 36 -17.2100 29.0200 32 35 -1.4900 32.7000 33 35 5.3100 35.1100 34 32 5.4200 38.5900 35 31 -2.0300 31.8100 37 33 11.9800 27.2800 36 36 10.8600 32.1800 38 23 -1.8700 21.8600 39 25 7.9200 17.7100 40 26 13.9700 9.2700
-7.5583399068e-01 -5.0567397155e-01 2.8456902192e+00
186 137 97
36 0 67 -7.8700 24.9900 1 66 -6.7100 29.0000 2 44 -12.7400 24.1900 3 48 -19.1200 27.0000 4 52 -19.7000 30.1200 5 56 -20.5400 34.4200 6 63 -14.7300 31.2600 7 42 -16.9600 24.4600 8 32 -18.8100 11.9600 9 32 -16.0700 25.6300 10 44 -18.4300 24.1700 11 35 -18.5000 26.0600 12 25 -20.2300 26.6700 13 37 -13.8500 26.5600 14 49 -12.6000 31.7000 15 42 -16.4400 31.3000 16 59 -11.0800 32.2200 19 45 -8.9100 32.9600 21 61 -17.9100 33.4500 23 71 -19.4300 36.5500 26 42 -17.2800 28.4900 24 42 -17.9500 34.0400 27 46 -17.9900 32.5500 28 47 -19.4000 35.3600 29 37 -8.5900 38.2000 30 43 -11.7500 32.3700 31 37 -17.2100 29.0200 32 36 -1.4900 32.7000 33 36 5.3100 35.1100 34 33 5.4200 38.5900 35 32 -2.0300 31.8100 37 34 11.9800 27.2800 36 37 10.8600 32.1800 38 24 -1.8700 21.8600 39 26 7.9200 17.7100 40 27 13.9700 9.2700
-7.8894915494e-01 -5.0961638013e-01 2.7943052909e+00
116 66 37
39 0 68 5.8000 30.7200 1 67 7.1300 34.4800 2 67 0.6400 29.9600 4 53 -5.5200 36.0400 5 57 -6.0700 40.4300 6 64 0.0700 37.2300 7 52 -2.2800 30.2200 8 46 -3.9700 17.7700 9 48 -0.9300 31.6000 10 56 -3.3200 29.9200 11 49 -2.7100 31.3600 12 44 -4.9500 32.2500 13 52 1.3500 32.3000 14 63 2.6500 37.4500 15 60 -1.8800 37.1100 16 60 3.0800 38.1000 17 57 1.1000 39.1400 18 61 -2.1500 33.1700 19 59 4.4700 39.2500 20 58 5.4100 40.6800 21 63 -5.7400 40.1000 23 114 -8.0500 43.5400 25 99 -2.9200 35.9000 26 62 -5.5900 35.8800 22 63 -10.2500 40.1400 24 57 -6.3300 40.9600 27 94 -6.3900 40.3200 28 95 -8.0700 43.4600 29 59 2.7000 46.2700 30 99 -0.6600 40.8400 31 86 -5.9100 37.1400 32 62 10.0100 40.6700 33 87 17.2800 43.5700 34 100 16.7600 46.5900 35 97 8.8600 40.0800 37 145 21.9600 35.4300 36 149 21.4700 40.3300 38 131 7.8200 30.1200 39 122 17.0700 25.6700
-4.0455326447e-01 5.9614657658e-02 3.5917823891e+00
23 4 0
3 0 70 -129.7100 -112.0100 1 70 -129.5900 -107.6200 2 71 -139.6700 -113.4200
-4.0455326447e-01 5.9614657658e-02 3.5917823891e+00
23 4 0
3 0 71 -129.7100 -112.0100 1 71 -129.5900 -107.6200 2 72 -139.6700 -113.4200
-8.9559083303e-01 6.7090063165e-02 4.2636898308e+00
177 149 125
2 0 73 -79.6900 -105.4000 1 73 -79.7500 -101.2400
-8.8032022784e-01 -2.5536258974e-02 4.4918298206e+00
18 5 0
2 0 76 -93.0100 -91.6500 1 78 -93.0800 -87.4000
-4.1308600653e-01 -4.4930067150e-02 3.1330814494e+00
180 161 131
2 0 77 -101.9600 -88.9000 1 81 -101.7200 -84.7000
-4.8270802034e-01 -4.4230024258e-02 3.3653254425e+00
180 161 131
3 0 78 -101.9600 -88.9000 1 82 -101.7200 -84.7000 2 126 -110.0400 -90.9300
-5.0050135666e-01 -6.9595998548e-02 3.2087572032e+00
170 138 94
4 0 79 -87.9200 -83.5000 1 83 -87.5400 -79.2700 3 55 -105.0200 -88.4900 4 107 -109.9300 -89.9900
4.8397280931e-04 -9.6087095138e-02 2.1908335159e+00
171 155 110
2 0 80 -156.6000 -69.4900 1 85 -156.2500 -65.1500
4.8397280931e-04 -9.6087095138e-02 2.1908335159e+00
171 155 110
2 0 81 -156.6000 -69.4900 1 86 -156.2500 -65.1500
-8.8936888255e-02 -1.1546168212e-01 2.5153396851e+00
183 157 118
2 0 82 -147.9100 -67.3000 1 87 -147.6700 -62.9300
-8.8936888255e-02 -1.1546168212e-01 2.5153396851e+00
183 157 118
2 0 83 -147.9100 -67.3000 1 88 -147.6700 -62.9300
-3.5016518780e-01 -2.1237601250e-01 3.6245884133e+00
160 137 112
3 0 84 -143.1400 -57.5700 1 90 -142.6400 -53.7800 2 147 -152.8800 -59.6100
1.3478632441e-01 -7.5916019303e-02 1.4399349889e+00
160 137 112
2 0 85 -143.1400 -57.5700 1 91 -142.6400 -53.7800
-7.8561618450e-01 -1.9924508608e-01 2.8573734114e+00
150 142 129
35 0 86 2.7700 -46.9500 1 93 3.4900 -42.9800 2 81 -2.7300 -47.3500 3 81 -5.2300 -43.9400 4 70 -4.6300 -40.3900 5 76 -5.2600 -35.7600 6 78 0.2300 -38.8500 7 67 -2.5700 -46.1400 9 62 0.5200 -45.4000 10 74 -2.5900 -47.2000 11 69 -2.3400 -45.2200 12 62 -3.2600 -43.6300 14 82 5.9900 -36.9200 15 135 2.4200 -35.6400 18 72 4.9600 -38.9500 20 138 13.2100 -30.5500 23 97 3.7000 -26.4900 25 84 10.0300 -36.6100 26 84 7.7100 -37.4700 22 146 1.7100 -29.4900 24 74 5.8300 -29.9900 27 83 8.0800 -34.3600 28 81 7.3700 -32.3100 29 85 17.9100 -30.7700 30 78 13.8400 -37.5100 31 73 8.2700 -42.4400 32 49 25.3100 -40.4900 33 70 31.1300 -39.8300 34 78 31.7800 -37.0600 35 79 25.6800 -43.4900 37 48 37.5200 -48.8300 36 50 36.2000 -44.0100 38 39 23.3800 -54.5800 39 57 32.1200 -59.4700 40 36 37.2800 -68.9200
-7.8561542269e-01 -1.9917022455e-01 2.8574249010e+00
150 142 129
34 0 87 2.7700 -46.9500 1 94 3.4900 -42.9800 2 82 -2.7300 -47.3500 3 82 -5.2300 -43.9400 4 71 -4.6300 -40.3900 5 77 -5.2600 -35.7600 6 79 0.2300 -38.8500 7 68 -2.5700 -46.1400 9 63 0.5200 -45.4000 10 75 -2.5900 -47.2000 11 70 -2.3400 -45.2200 12 63 -3.2600 -43.6300 14 83 5.9900 -36.9200 15 136 2.4200 -35.6400 18 73 4.9600 -38.9500 20 139 13.2100 -30.5500 23 98 3.7000 -26.4900 25 85 10.0300 -36.6100 26 85 7.7100 -37.4700 22 147 1.7100 -29.4900 27 84 8.0800 -34.3600 28 82 7.3700 -32.3100 29 86 17.9100 -30.7700 30 79 13.8400 -37.5100 31 74 8.2700 -42.4400 32 50 25.3100 -40.4900 33 71 31.1300 -39.8300 34 79 31.7800 -37.0600 35 80 25.6800 -43.4900 37 49 37.5200 -48.8300 36 51 36.2000 -44.0100 38 40 23.3800 -54.5800 39 58 32.1200 -59.4700 40 37 37.2800 -68.9200
-7.1978382217e-01 -2.1061036001e-01 2.9501406283e+00
130 117 111
32 0 88 -20.8100 -45.7600 1 173 -20.3800 -42.3700 2 155 -26.5800 -46.6500 5 74 -30.7900 -36.7800 6 77 -25.0300 -39.8400 7 130 -29.0200 -47.4400 9 61 -26.2700 -47.9800 10 72 -29.8200 -48.8600 11 68 -29.9000 -47.1100 14 56 -21.0900 -39.7800 15 51 -23.9600 -39.4000 16 153 -18.7600 -38.9200 17 47 -20.5000 -37.3500 18 71 -22.0600 -44.4400 20 52 -11.9700 -36.2200 21 53 -20.0200 -36.8100 23 63 -19.8900 -34.2200 25 41 -13.9800 -44.7200 26 32 -15.6000 -46.6400 22 80 -22.4100 -37.8500 24 51 -18.3500 -37.6200 27 74 -15.2100 -45.3000 29 79 -4.1500 -43.3100 30 51 -7.9900 -50.0400 31 66 -14.2100 -55.8000 33 42 8.7800 -54.2800 35 48 4.2500 -59.7800 37 40 17.0300 -65.8600 36 44 15.2000 -60.0200 38 33 3.6800 -71.9700 39 36 12.9300 -76.8000 40 28 18.4500 -86.7500
3.3298642903e-02 -1.4337077344e-01 1.9930127061e+00
83 93 83
2 0 90 -153.6700 -42.1000 1 95 -153.4700 -37.7200
3.3298642903e-02 -1.4337077344e-01 1.9930127061e+00
83 93 83
2 0 91 -153.6700 -42.1000 1 96 -153.4700 -37.7200
-7.4677421946e-01 -2.3616496950e-01 2.9310223132e+00
33 29 18
41 0 93 -13.1700 -39.1200 1 97 -12.4300 -35.2500 2 159 -18.9200 -39.7900 3 88 -22.9400 -37.0700 4 72 -22.5200 -34.0300 5 81 -23.6000 -29.6700 6 82 -17.9900 -32.7800 7 70 -21.3900 -39.9900 8 58 -23.2600 -53.0500 9 68 -19.2300 -39.9700 10 78 -22.6900 -41.3500 11 73 -22.9100 -39.4000 12 66 -23.6900 -38.6900 13 73 -16.7000 -38.3900 14 88 -15.1200 -32.6200 15 82 -18.1600 -32.2700 16 89 -13.5000 -30.8100 17 75 -14.9400 -29.9800 18 78 -16.6700 -36.0500 19 147 -8.4700 -30.4800 20 85 -7.5400 -28.7800 21 148 -16.2200 -29.4400 23 100 -16.5900 -26.3000 25 83 -11.3300 -36.8500 26 83 -13.0400 -38.2100 22 149 -18.9000 -29.4200 24 76 -15.2900 -29.6600 27 82 -13.4700 -35.6000 28 79 -13.8300 -34.1600 29 83 -2.8100 -32.8500 30 75 -7.0900 -39.9200 31 70 -13.0200 -44.9200 32 48 3.6200 -43.2400 33 68 9.5800 -42.7200 34 54 9.8400 -40.2500 35 55 4.3500 -47.7300 37 46 16.6000 -53.2800 36 48 15.2400 -47.8900 38 60 2.7000 -59.5900 39 43 12.2500 -64.3100 40 35 17.3400 -73.9600
-7.4910240475e-01 -3.8672918165e-01 2.9057272015e+00
29 16 6
3 0 95 -12.6200 -3.2800 1 104 -11.5600 0.4800 2 61 -18.2200 -3.7300
-7.5029346588e-01 -4.2338190711e-01 2.8878461363e+00
121 94 67
7 0 96 -10.7500 5.7800 1 106 -9.5800 9.8800 2 86 -16.2700 5.2300 3 66 -22.0800 7.8300 4 48 -22.6200 11.0700 5 52 -23.6500 15.4000 6 59 -17.7200 12.4100
-7.5622401470e-01 -4.2437176469e-01 2.8528891048e+00
47 5 0
14 0 97 -7.1400 6.9800 1 108 -6.0300 11.0400 2 87 -12.4400 6.4300 3 97 -17.5100 9.1000 4 83 -17.4300 12.3600 5 95 -17.9200 16.6600 6 92 -11.9000 13.4700 7 78 -14.7100 6.5000 8 44 -16.2200 -6.2200 9 44 -12.9000 7.3400 10 52 -15.7300 5.7500 11 48 -15.2900 7.6100 12 43 -16.7800 8.4400 14 62 -7.8200 13.6400
-7.6801456499e-01 -5.6608425042e-01 2.8546346167e+00
25 12 1
8 0 99 -5.3300 39.8800 1 113 -4.3500 44.0400 2 91 -10.8600 39.3000 3 102 -17.9300 42.0200 4 54 -18.7800 45.0500 5 97 -20.2600 49.2000 6 158 -14.9300 45.8600 7 81 -17.2700 39.5300
-8.3471537881e-01 -5.9075919293e-01 2.8168947516e+00
184 158 120
13 0 100 14.0900 47.5800 1 115 15.2800 51.5200 2 92 8.4000 46.5800 3 103 0.4200 49.8600 4 85 -1.2000 52.7700 5 98 -2.6000 56.8100 8 75 -2.7400 34.6500 9 87 -0.8500 48.8100 10 94 -3.2900 47.2600 11 156 -3.8800 48.9100 12 142 -6.9300 49.6400 13 89 -1.7500 49.5900 14 166 -1.8200 54.5500
-8.5185420693e-01 -6.1715179166e-01 2.8734611515e+00
198 172 124
3 0 101 9.0500 48.9000 1 116 9.8700 53.0500 2 93 2.9900 48.1600
-1.4031272942e+00 1.5405031432e-01 3.6003526945e+00
93 75 51
2 0 102 40.5200 -115.7300 1 120 41.1000 -111.8300
-7.7940948715e-01 1.1594444663e-01 4.0863930530e+00
27 23 22
2 0 104 -88.1600 -115.1000 1 121 -88.1300 -110.8600
-5.4332007260e-01 4.7961368322e-02 2.9766416469e+00
120 91 78
14 0 108 -59.9700 -108.2700 1 124 -59.3300 -104.1200 2 99 -65.2300 -109.0100 4 91 -62.1700 -106.2900 5 104 -62.1000 -101.8900 6 99 -55.8800 -105.2700 7 83 -59.7500 -113.1800 9 92 -53.3500 -116.3300 11 93 -55.5900 -116.0000 12 80 -53.2700 -115.8500 13 92 -43.0300 -115.9400 14 104 -37.8000 -109.7400 15 99 -36.7700 -108.9200 16 109 -29.6900 -107.3900
-5.8363092077e-01 2.9719155801e-02 2.9050487649e+00
126 75 41
8 0 109 -43.6200 -103.8500 1 74 -43.6200 -99.5400 2 102 -48.9600 -104.4300 5 62 -45.3200 -95.3900 9 106 -36.0000 -109.0700 12 87 -35.0800 -107.5000 13 104 -24.2200 -106.4900 15 112 -18.7500 -98.7600
-5.2731072926e-01 -1.1981941981e-03 3.0031906892e+00
166 110 89
4 0 115 -65.9000 -97.5600 1 130 -65.4000 -93.3400 2 112 -71.5000 -98.3600 3 116 -71.7800 -98.3800
-5.2731072926e-01 -1.1981941981e-03 3.0031906892e+00
166 110 89
4 0 116 -65.9000 -97.5600 1 131 -65.4000 -93.3400 2 113 -71.5000 -98.3600 3 117 -71.7800 -98.3800
-5.3271230225e-01 -1.3552473606e-02 2.9423475266e+00
121 48 1
31 0 121 -58.7200 -92.5300 1 139 -57.8100 -88.2100 2 121 -63.8700 -93.1700 3 123 -63.8800 -92.5400 4 105 -61.2200 -90.1400 5 117 -61.1400 -85.7500 6 70 -54.9700 -88.9200 7 105 -58.3700 -96.6500 8 49 -59.3400 -111.5100 9 53 -52.7200 -99.3700 10 64 -55.7800 -100.8700 11 55 -54.5600 -98.9500 12 52 -51.9700 -98.7500 13 59 -41.8200 -98.7300 14 70 -36.5800 -92.7900 15 67 -36.1900 -92.1300 16 68 -29.3300 -90.6700 17 61 -28.5900 -90.2700 18 63 -26.5900 -97.3500 19 67 -14.6800 -91.2900 20 68 -11.2000 -89.2200 21 74 -15.1100 -89.5600 23 137 -8.1800 -85.8100 25 126 2.3400 -99.1400 26 110 3.8400 -102.1300 22 74 -12.9200 -88.8000 24 64 -5.1600 -90.2700 27 108 6.1500 -100.6000 28 70 9.6700 -100.3900 29 73 24.1600 -100.5600 30 113 22.9600 -108.5700
-5.3443243231e-01 -1.4230584691e-02 2.9439332361e+00
121 48 1
26 0 122 -58.7200 -92.5300 1 140 -57.8100 -88.2100 2 122 -63.8700 -93.1700 3 124 -63.8800 -92.5400 4 106 -61.2200 -90.1400 5 118 -61.1400 -85.7500 6 71 -54.9700 -88.9200 7 106 -58.3700 -96.6500 8 50 -59.3400 -111.5100 9 54 -52.7200 -99.3700 10 65 -55.7800 -100.8700 11 56 -54.5600 -98.9500 12 53 -51.9700 -98.7500 14 71 -36.5800 -92.7900 15 68 -36.1900 -92.1300 16 69 -29.3300 -90.6700 17 62 -28.5900 -90.2700 18 64 -26.5900 -97.3500 19 68 -14.6800 -91.2900 20 69 -11.2000 -89.2200 21 75 -15.1100 -89.5600 23 138 -8.1800 -85.8100 25 127 2.3400 -99.1400 26 111 3.8400 -102.1300 22 75 -12.9200 -88.8000 29 74 24.1600 -100.5600
-6.1891213025e-01 -2.2681439362e-02 2.9026653117e+00
158 95 59
17 0 126 -36.2500 -91.4700 1 77 -35.9600 -87.6300 4 112 -39.6300 -86.9900 6 72 -33.1100 -85.8800 10 122 -34.0400 -96.5400 11 58 -32.8400 -94.4500 12 102 -30.9800 -93.4700 14 74 -17.5200 -86.9700 15 119 -17.9400 -85.2700 18 110 -10.2600 -89.6100 19 125 0.4500 -83.0800 20 123 2.9900 -80.9400 21 133 -1.7400 -80.3900 25 140 11.3900 -88.5400 26 74 11.7100 -90.7700 22 126 -1.3800 -79.3900 24 121 5.0500 -80.3100
-7.9818266577e-01 -1.6992878266e-02 2.8159992749e+00
12 11 11
5 0 128 11.8000 -90.3300 1 145 12.2500 -86.3700 4 123 8.0400 -81.7000 6 128 14.0300 -79.8300 9 134 16.3600 -86.4600
-5.2283064226e-01 -6.2229703902e-02 4.7178132483e+00
29 6 0
2 0 129 -152.5600 -89.7400 1 79 -152.6200 -85.0800
-5.2283064226e-01 -6.2229703902e-02 4.7178132483e+00
29 6 0
2 0 130 -152.5600 -89.7400 1 80 -152.6200 -85.0800
-2.2329629873e+00 -2.4980434967e-03 6.0093166290e+00
14 12 14
2 0 131 -13.0800 -88.6800 1 148 -12.9500 -84.5400
-6.0675208745e-01 -6.5190201594e-02 3.0310357205e+00
49 8 1
13 0 137 -51.2800 -82.3800 1 155 -50.7400 -78.1100 2 134 -57.0800 -83.0800 3 135 -59.3700 -82.4000 4 124 -58.3800 -80.0200 5 124 -59.5000 -75.5600 6 129 -53.9500 -78.9000 7 121 -58.1300 -86.4900 8 52 -59.7800 -100.9300 9 56 -54.6300 -88.9300 11 61 -58.2700 -88.7100 12 57 -57.7500 -88.7800 13 64 -49.4900 -89.0700
3.5911555943e-03 -8.1153109860e-02 1.7966660124e+00
164 132 91
2 0 144 -112.7100 -66.8400 1 163 -112.1800 -62.8200
2.4808442484e-01 -4.2332979778e-02 9.2065699881e-01
161 129 83
2 0 146 -117.7600 -63.2300 1 159 -112.7800 -76.0500
1.1711154185e-01 -8.6042589869e-02 1.5570949576e+00
144 140 118
2 0 152 -149.7200 -55.6400 1 92 -149.6400 -51.5700
-2.0601088031e-01 -2.0326424321e-01 3.1495100033e+00
13 12 3
2 0 153 -152.3800 -53.3300 1 168 -152.2000 -48.8300
-6.3090814269e-01 -2.0145251615e-01 3.1173187340e+00
64 61 58
5 0 155 -54.7000 -50.9700 1 169 -54.2700 -46.9300 3 147 -67.4600 -51.3500 4 68 -69.1500 -49.4100 5 126 -71.9300 -45.6900
-7.3846128883e-01 -1.9329256268e-01 2.9047190198e+00
29 24 21
13 0 158 -12.4300 -48.9400 1 171 -11.9200 -44.8700 2 80 -17.9000 -49.6300 3 80 -20.9300 -46.9400 4 137 -20.4100 -43.5000 5 73 -20.6800 -39.1500 6 76 -14.6800 -42.3300 7 66 -18.0800 -49.5300 8 40 -19.3500 -62.9800 9 60 -15.2000 -49.5800 10 47 -18.2200 -51.3000 11 67 -18.7000 -49.0300 15 76 -11.5400 -41.0900
1.2767134623e-01 -8.7844501285e-02 1.4570446768e+00
156 121 83
2 0 161 -140.0200 -47.4000 1 172 -139.7500 -43.4700
-8.1185510824e-01 -2.0713410797e-01 2.8420899408e+00
104 97 94
19 0 162 10.2600 -43.5500 1 174 11.1500 -39.8000 3 151 1.6700 -40.2700 7 132 4.7500 -42.3000 9 145 7.5200 -41.4400 13 135 11.0000 -39.0500 16 159 13.6000 -30.0100 26 135 11.8700 -32.0700 28 155 10.5400 -27.1300 29 164 20.6500 -25.0800 30 158 16.4600 -31.7000 31 133 10.3000 -36.2200 32 136 27.2000 -33.9900 33 125 33.7400 -33.3300 37 73 38.1000 -42.2000 36 71 36.5300 -37.2500 38 104 23.9600 -47.6100 39 94 32.4800 -52.4700 40 58 37.2300 -62.0200
-7.6853961892e-01 -2.2918456427e-01 2.8889541809e+00
32 21 15
