# Bundle file v0.3
44 422
5.3200000000e+02 0.0000000000e+00 0.0000000000e+00
8.9656905145e-01 -1.7887080913e-02 4.4254264012e-01
-5.0147995502e-02 9.8865897406e-01 1.4155780290e-01
-4.4005580843e-01 -1.4910897140e-01 8.8550403732e-01
-5.9740230816e-01 5.1733091756e-02 1.8129611157e-01
5.3200000000e+02 0.0000000000e+00 0.0000000000e+00
8.9673336614e-01 -1.2932108499e-02 4.4238222232e-01
-5.1194831241e-02 9.8983182232e-01 1.3271040948e-01
-4.3960022669e-01 -1.4165353543e-01 8.8695316482e-01
-6.0003790569e-01 5.3918327943e-02 1.7097059004e-01
5.3200000000e+02 0.0000000000e+00 0.0000000000e+00
8.7747477777e-01 -2.0502975767e-02 4.7918435113e-01
-5.7760273918e-02 9.8729720879e-01 1.4801341926e-01
-4.7613208791e-01 -1.5755586155e-01 8.6514414137e-01
-6.8540174049e-01 3.0045006229e-02 2.1359922524e-01
5.3200000000e+02 0.0000000000e+00 0.0000000000e+00
-9.2264502155e-01 6.4619602420e-02 -3.8019793686e-01
-7.3919488931e-02 -9.9721512795e-01 9.8943287125e-03
-3.7849976666e-01 3.7232990313e-02 9.2485222121e-01
3.6101107024e-01 -5.6905298655e-01 -6.0161115581e+00
5.3200000000e+02 0.0000000000e+00 0.0000000000e+00
-9.0442259008e-01 8.6877627567e-02 -4.1769852332e-01
-1.0137904800e-01 -9.9476797412e-01 1.2608183439e-02
-4.1441774477e-01 5.3749004569e-02 9.0849819886e-01
4.9317421924e-01 -5.7750944321e-01 -5.9502933027e+00
5.3200000000e+02 0.0000000000e+00 0.0000000000e+00
7.7529939337e-01 -9.7787136179e-02 6.2397798569e-01
-2.7173015341e-02 9.8186268948e-01 1.8763604730e-01
-6.3100909492e-01 -1.6242947702e-01 7.5858037618e-01
-1.1749390941e+00 -1.2502691181e-01 4.1436769676e-01
5.3200000000e+02 0.0000000000e+00 0.0000000000e+00
-8.7928875805e-01 9.4500941589e-02 -4.6681993531e-01
-9.0125838678e-02 -9.9542414238e-01 -3.1750747675e-02
-4.6768430930e-01 1.4154462691e-02 8.8378223450e-01
6.8291500958e-01 -4.3255388418e-01 -5.9380292997e+00
5.3200000000e+02 0.0000000000e+00 0.0000000000e+00
-8.6626436442e-01 8.8258518803e-02 -4.9172805980e-01
-9.1404479754e-02 -9.9565685180e-01 -1.7682040394e-02
-4.9115300265e-01 2.9628826002e-02 8.7056927390e-01
7.4434719738e-01 -5.1465515556e-01 -5.8950353454e+00
5.3200000000e+02 0.0000000000e+00 0.0000000000e+00
-8.4818889871e-01 1.0185202742e-01 -5.1980934641e-01
-1.1585676724e-01 -9.9325030457e-01 -5.5715301446e-03
-5.1686826329e-01 5.5497720438e-02 8.5426412861e-01
8.3493104385e-01 -6.3732915412e-01 -5.8257667226e+00
5.3200000000e+02 0.0000000000e+00 0.0000000000e+00
7.2090059106e-01 -1.2817700430e-01 6.8108222219e-01
6.2498676083e-03 9.8391047512e-01 1.7855283838e-01
-6.9301030077e-01 -1.2446217301e-01 7.1010273237e-01
-1.4193303161e+00 -1.8643721326e-02 4.7605000972e-01
5.3200000000e+02 0.0000000000e+00 0.0000000000e+00
-8.0769637756e-01 1.2176871681e-01 -5.7688728646e-01
-1.4794544947e-01 -9.8899419878e-01 -1.6182552833e-03
-5.7073523253e-01 8.4040789959e-02 8.1682215933e-01
1.0409905696e+00 -6.0208765460e-01 -5.7203965767e+00
5.3200000000e+02 0.0000000000e+00 0.0000000000e+00
-7.8689321026e-01 1.2545121243e-01 -6.0420283759e-01
-1.5355853017e-01 -9.8812599671e-01 -5.1761417795e-03
-5.9767788436e-01 8.8707428840e-02 7.9681374148e-01
1.1371019552e+00 -5.8493521299e-01 -5.6778552248e+00
5.3200000000e+02 0.0000000000e+00 0.0000000000e+00
-7.5170333141e-01 1.5612063586e-01 -6.4075615378e-01
-1.8814821287e-01 -9.8196582068e-01 -1.8530434455e-02
-6.3209362561e-01 1.0662773591e-01 7.6752079737e-01
1.2717585823e+00 -5.6455394242e-01 -5.6320082144e+00
5.3200000000e+02 0.0000000000e+00 0.0000000000e+00
-7.0101977619e-01 1.7102888784e-01 -6.9232968513e-01
-1.9338508834e-01 -9.8003040982e-01 -4.6288264646e-02
-6.8642077547e-01 1.0143724840e-01 7.2009513514e-01
1.5001990205e+00 -4.8895609630e-01 -5.5602721978e+00
5.3200000000e+02 0.0000000000e+00 0.0000000000e+00
5.3878491314e-01 -1.7138646702e-01 8.2482573692e-01
4.9716073780e-02 9.8384961726e-01 1.7195418758e-01
-8.4097510628e-01 -5.1639224828e-02 5.3860399282e-01
-2.0027484316e+00 -6.9826124411e-03 9.8518579654e-01
5.3200000000e+02 0.0000000000e+00 0.0000000000e+00
-5.9641908669e-01 2.1555965088e-01 -7.7318711186e-01
-2.1168284980e-01 -9.7140455080e-01 -1.0753404009e-01
-7.7425747922e-01 9.9535097291e-02 6.2499449619e-01
1.8141175314e+00 -2.8703240878e-01 -5.3826735688e+00
5.3200000000e+02 0.0000000000e+00 0.0000000000e+00
-5.5605208711e-01 2.1589515772e-01 -8.0261781521e-01
-2.2166585276e-01 -9.6921897263e-01 -1.0713931496e-01
-8.0104327358e-01 1.1833792275e-01 5.8679281684e-01
1.9564978410e+00 -2.8765155818e-01 -5.3018331200e+00
5.3200000000e+02 0.0000000000e+00 0.0000000000e+00
-5.2591707439e-01 2.2180661615e-01 -8.2110477766e-01
-2.0737811657e-01 -9.6970193891e-01 -1.2912190535e-01
-8.2486698784e-01 1.0237174759e-01 5.5598064504e-01
2.0254374542e+00 -2.0801660440e-01 -5.2223128386e+00
5.3200000000e+02 0.0000000000e+00 0.0000000000e+00
-4.6904384555e-01 2.5431434281e-01 -8.4576715826e-01
-2.6507140503e-01 -9.5403081937e-01 -1.3986545650e-01
-8.4245772664e-01 1.5858565740e-01 5.1489374446e-01
2.1345080633e+00 -2.4654566206e-01 -5.0987709596e+00
5.3200000000e+02 0.0000000000e+00 0.0000000000e+00
-4.1671031972e-01 2.7064190477e-01 -8.6781649490e-01
-2.7936489438e-01 -9.4658072133e-01 -1.6105959705e-01
-8.6504783985e-01 1.7532226725e-01 4.7005780216e-01
2.2887234502e+00 -1.5969293187e-01 -5.0003546325e+00
5.3200000000e+02 0.0000000000e+00 0.0000000000e+00
-3.5567398098e-01 2.6662275344e-01 -8.9577247480e-01
-2.6156107415e-01 -9.4854239169e-01 -1.7847446780e-01
-8.9726351968e-01 1.7082048624e-01 4.0710998236e-01
2.4162715678e+00 -9.0046126107e-02 -4.8621649878e+00
5.3200000000e+02 0.0000000000e+00 0.0000000000e+00
-2.9010064743e-01 2.9551715179e-01 -9.1022592105e-01
-2.8426706431e-01 -9.3480823192e-01 -2.1289858076e-01
-9.1380186611e-01 1.9698523432e-01 3.5519426649e-01
2.4614098228e+00 -5.6164345023e-03 -4.7380786405e+00
5.3200000000e+02 0.0000000000e+00 0.0000000000e+00
1.7787600206e-01 -3.3302871179e-01 9.2598704365e-01
-4.5752301355e-02 9.3717671858e-01 3.4584176307e-01
-9.8298873585e-01 -1.0388298843e-01 1.5146441795e-01
-2.5824982882e+00 -6.1860336068e-01 1.9326520640e+00
5.3200000000e+02 0.0000000000e+00 0.0000000000e+00
-1.5543178102e-01 3.2260102568e-01 -9.3368599630e-01
-2.7488408522e-01 -9.2196714110e-01 -2.7279173451e-01
-9.4883070204e-01 2.1425491583e-01 2.3198088262e-01
2.6292236306e+00 1.9764482449e-01 -4.3843335936e+00
5.3200000000e+02 0.0000000000e+00 0.0000000000e+00
-1.1414053875e-01 3.1933671239e-01 -9.4074226095e-01
-2.7630907982e-01 -9.1977328499e-01 -2.7869409149e-01
-9.5426685462e-01 2.2812533472e-01 1.9321905143e-01
2.6867366690e+00 1.9683180800e-01 -4.2210466280e+00
5.3200000000e+02 0.0000000000e+00 0.0000000000e+00
-3.6367979639e-02 3.2333024952e-01 -9.4558707680e-01
-2.7328076449e-01 -9.1336386155e-01 -3.0180139194e-01
-9.6124658325e-01 2.4743485236e-01 1.2157713609e-01
2.7809369393e+00 2.3359074616e-01 -3.9236570995e+00
5.3200000000e+02 0.0000000000e+00 0.0000000000e+00
-2.4919346717e-03 3.4110420156e-01 -9.4002218801e-01
-3.1595920655e-01 -8.9213849248e-01 -3.2289114270e-01
-9.4876950312e-01 2.9620404103e-01 1.0999816372e-01
2.7841808435e+00 2.6924745072e-01 -3.8135881090e+00
5.3200000000e+02 0.0000000000e+00 0.0000000000e+00
3.4306521617e-02 3.4791066128e-01 -9.3689979952e-01
-3.1784271635e-01 -8.8498165342e-01 -3.4026971768e-01
-9.4752259616e-01 3.0946024765e-01 8.0220227404e-02
2.8028059177e+00 3.4021821009e-01 -3.6633392609e+00
5.3200000000e+02 0.0000000000e+00 0.0000000000e+00
8.2004416026e-02 3.6292883710e-01 -9.2820145171e-01
-3.1959231319e-01 -8.7257840179e-01 -3.6941533006e-01
-9.4400001541e-01 3.2693973747e-01 4.4433984296e-02
2.8150134570e+00 4.4022234760e-01 -3.4797844488e+00
5.3200000000e+02 0.0000000000e+00 0.0000000000e+00
-7.0046729073e-02 -3.8892501723e-01 9.1860262721e-01
-1.6483543057e-02 9.2119008240e-01 3.8876358483e-01
-9.9740751378e-01 1.2089791542e-02 -7.0937214394e-02
-2.8455544098e+00 -7.2644371828e-01 2.2742247519e+00
5.3200000000e+02 0.0000000000e+00 0.0000000000e+00
1.8077590807e-01 3.4679528470e-01 -9.2035487806e-01
-3.3462329080e-01 -8.5825969506e-01 -3.8912407930e-01
-9.2484989286e-01 3.7831643678e-01 -3.9106896337e-02
2.8936414539e+00 4.7091687639e-01 -3.1013850690e+00
5.3200000000e+02 0.0000000000e+00 0.0000000000e+00
1.7486631049e-01 3.2979168848e-01 -9.2771720673e-01
-3.8149238801e-01 -8.4593839199e-01 -3.7262822605e-01
-9.0768129393e-01 4.1907717567e-01 -2.2113106722e-02
2.8753949500e+00 3.7528976710e-01 -3.0486207155e+00
5.3200000000e+02 0.0000000000e+00 0.0000000000e+00
2.3388431772e-01 3.2423551230e-01 -9.1660758151e-01
-3.7817636445e-01 -8.3817800593e-01 -3.9298889011e-01
-8.9570126900e-01 4.3855326124e-01 -7.3418483775e-02
2.9633922500e+00 4.5303990587e-01 -2.8052197421e+00
5.3200000000e+02 0.0000000000e+00 0.0000000000e+00
2.5839610901e-01 3.0530687016e-01 -9.1652559478e-01
-3.8421098992e-01 -8.3800271139e-01 -3.8747047749e-01
-8.8634833225e-01 4.5226006979e-01 -9.9234385150e-02
3.0016783819e+00 4.4151353878e-01 -2.6591919897e+00
5.3200000000e+02 0.0000000000e+00 0.0000000000e+00
2.7961743474e-01 3.0914793186e-01 -9.0897835310e-01
-3.8397266899e-01 -8.3172772746e-01 -4.0099124285e-01
-8.7998811336e-01 4.6114698697e-01 -1.1386121705e-01
2.9963835671e+00 4.9722706274e-01 -2.5693393996e+00
5.3200000000e+02 0.0000000000e+00 0.0000000000e+00
3.0365636208e-01 3.3898125722e-01 -8.9044063307e-01
-3.9053356930e-01 -8.0817217528e-01 -4.4084154336e-01
-8.6906636399e-01 4.8161129800e-01 -1.1302306237e-01
2.9419179306e+00 5.8577464048e-01 -2.5311257577e+00
0 0 0
0 0 0
0 0 0
0 0 0
0 0 0
5.3200000000e+02 0.0000000000e+00 0.0000000000e+00
3.4752849685e-01 3.0948223449e-01 -8.8512411018e-01
-4.0883697985e-01 -7.9949657614e-01 -4.4006539132e-01
-8.4384611617e-01 5.1480673196e-01 -1.5132006127e-01
3.0031007103e+00 5.5124473206e-01 -2.3618912626e+00
0 0 0
0 0 0
0 0 0
0 0 0
0 0 0
0 0 0
0 0 0
0 0 0
0 0 0
0 0 0
0 0 0
0 0 0
0 0 0
0 0 0
0 0 0
0 0 0
0 0 0
0 0 0
0 0 0
0 0 0
0 0 0
0 0 0
0 0 0
0 0 0
0 0 0
0 0 0
0 0 0
0 0 0
0 0 0
0 0 0
-4.0137488522e-01 -4.9189388597e-01 3.1166842123e+00
202 172 110
6 0 0 -73.4500 -5.6400 1 0 -73.4300 -1.9000 2 0 -77.6700 -6.0000 3 0 -83.0200 -3.2900 4 0 -84.9300 0.0500 6 0 -84.7700 1.5200
-8.6159034879e-01 -5.5327027527e-01 2.9075967566e+00
0 0 255
0
-8.6159034879e-01 -5.5327027527e-01 2.9075967566e+00
0 0 255
0
-4.4938961856e-01 -1.9028888314e-01 3.3769218381e+00
182 151 87
8 0 3 -77.5800 -60.5300 1 3 -77.2200 -55.7300 2 3 -85.1900 -60.7700 5 3 -100.7200 -54.9300 6 3 -97.5900 -57.9400 7 2 -103.8200 -64.8500 10 2 -111.6900 -65.9900 11 3 -113.4200 -65.9900
-7.1775927716e-01 -4.4493906169e-01 2.9534502817e+00
25 23 20
4 0 5 -11.3400 -11.4000 1 5 -10.3600 -7.0900 2 6 -18.5200 -11.2500 3 7 -24.4100 -7.6400
-4.8222951901e-01 3.4421215866e-02 2.9762422041e+00
156 90 40
7 0 6 -50.4600 -93.7300 1 6 -49.7000 -89.7100 2 7 -55.7300 -94.2400 3 8 -56.0800 -93.2700 4 5 -54.2300 -90.7700 5 5 -54.6800 -86.1300 6 7 -48.6000 -89.3500
-2.4336683229e-01 2.0739934578e-02 3.5698497913e+00
173 144 83
3 0 7 -118.1600 -90.2800 1 7 -117.6300 -86.4300 2 8 -126.1100 -93.3800
-6.0282901923e-01 -2.0759166118e-01 3.2275427262e+00
24 22 23
24 0 8 -50.0400 -55.0000 1 8 -49.3400 -51.1200 2 9 -56.2800 -55.7700 3 6 -61.0400 -55.9100 4 6 -63.0800 -54.2400 5 4 -64.1600 -50.0400 6 4 -59.3500 -53.0700 7 3 -63.3800 -59.6100 8 2 -66.2300 -73.0300 9 2 -62.9700 -60.8700 10 3 -67.4200 -61.2900 11 5 -68.4700 -58.9500 12 2 -70.3800 -58.6600 13 2 -62.9100 -58.0200 14 3 -62.2700 -52.8600 15 3 -64.9400 -52.7100 16 3 -61.7200 -51.3600 17 3 -63.2900 -51.0700 18 2 -64.5900 -58.9800 19 2 -56.4000 -54.2300 20 2 -55.9000 -52.5200 21 2 -63.9900 -55.1400 22 3 -66.3200 -56.6200 24 2 -64.1600 -58.2400
-7.9824041530e-01 -2.6740962122e-01 3.0410701421e+00
110 101 91
5 0 9 -5.8200 -42.0800 1 9 -4.9100 -38.0100 2 4 -12.8400 -42.4400 3 9 -13.9500 -39.8500 6 5 -11.4200 -34.7500
-7.3472842969e-01 -2.6161958663e-01 2.9172527872e+00
110 101 91
20 0 10 -5.8200 -42.0800 1 10 -4.9100 -38.0100 2 5 -12.8400 -42.4400 3 10 -13.9500 -39.8500 4 7 -14.3800 -36.3100 5 6 -15.5100 -31.9400 6 6 -11.4200 -34.7500 7 4 -15.0900 -41.7800 8 3 -16.1000 -55.1500 9 3 -11.8900 -41.7300 11 6 -15.3800 -41.1100 12 3 -16.7900 -39.8600 16 6 -6.6800 -31.5900 23 10 -10.2700 -25.9600 25 4 -5.8000 -36.3900 24 8 -8.9100 -29.5000 30 7 -3.2800 -39.0000 32 6 7.4400 -42.4000 33 6 14.0900 -41.6600 35 6 5.0600 -47.1600
-6.7275039464e-01 -5.0836436141e-01 3.0894213468e+00
202 173 107
21 0 11 -31.8800 -0.1400 1 13 -28.6900 2.8400 2 12 -35.8100 -1.7300 3 11 -44.5400 1.4400 4 14 -41.9800 1.9200 5 18 -42.7800 5.6200 6 16 -38.3500 3.4900 7 10 -42.4400 -2.4900 8 5 -48.3500 -12.8100 9 7 -42.3400 -2.6900 10 10 -46.3100 -3.2500 11 14 -46.0900 -2.4600 12 7 -49.9500 -0.8100 13 12 -42.9200 -2.8000 14 16 -44.2200 3.3600 15 8 -50.1400 3.6700 16 15 -44.2600 3.3600 17 10 -48.7600 5.5000 18 5 -56.1400 0.9900 20 12 -46.6000 5.5900 22 18 -60.2100 0.9400
-7.8023476879e-01 -7.1010019715e-01 2.8582316756e+00
18 13 9
26 0 12 5.0800 39.0700 1 14 4.4200 43.2500 2 13 -1.9900 38.5500 5 12 -11.7000 48.7400 7 9 -8.4900 38.8100 8 8 -10.3800 26.4500 9 5 -8.3700 40.3300 10 6 -11.0000 38.8500 11 9 -11.1500 40.5200 12 4 -13.0300 41.3000 14 9 -5.8600 46.1700 17 7 -8.0500 47.2500 19 8 -6.7900 46.5900 20 8 -6.5700 47.3900 21 11 -18.8700 46.1900 23 7 -24.6400 46.5900 25 6 -22.0300 37.7100 26 4 -25.6600 37.4300 22 6 -26.4700 43.3500 24 5 -24.0200 43.4300 27 4 -27.4800 41.6100 28 4 -30.4200 43.8700 29 5 -21.0600 46.2500 30 4 -25.9500 38.7900 32 3 -17.6200 38.6800 33 3 -9.9700 44.1200
-3.5908799535e-01 1.1182927130e-01 3.3077533874e+00
177 143 82
3 0 14 -88.8500 -105.9200 1 16 -88.4400 -101.7900 2 14 -95.8500 -107.5400
-4.6144984551e-01 2.0793908416e-02 3.6258171090e+00
41 23 15
3 0 15 -87.7000 -90.2000 1 17 -87.6400 -85.8700 2 16 -96.4500 -91.5700
-6.2289679045e-01 -3.2916331774e-01 3.1516732336e+00
44 40 43
12 0 16 -39.5000 -32.1700 1 19 -38.5100 -27.9800 2 17 -45.8700 -32.7400 3 17 -51.6500 -31.2000 4 13 -53.4000 -29.1000 5 11 -55.3100 -24.8600 6 13 -50.3300 -27.9300 7 8 -55.0800 -34.5600 8 7 -57.9400 -47.5800 9 4 -55.1400 -35.6200 10 4 -59.6500 -37.0000 11 8 -60.2600 -34.2500
3.3860029482e-01 -1.1994155671e-01 1.5349829163e+00
25 14 10
2 0 18 -146.2700 -50.3600 1 18 -145.9900 -46.2000
-7.6768794045e-01 -5.3628006951e-01 2.7874591806e+00
138 71 29
28 0 19 7.2900 7.9000 1 21 8.3000 11.8200 2 19 1.7800 7.0000 3 24 -3.5000 10.5300 4 19 -3.4500 14.0600 5 19 -4.4100 18.0100 6 21 1.8600 14.9700 7 13 -0.9200 7.6700 8 13 -2.3200 -4.6000 9 10 1.0100 9.3200 10 12 -1.8400 7.6000 11 20 -1.4600 9.2100 12 10 -3.4500 10.4400 13 13 2.9300 10.6600 14 25 4.2600 16.1500 15 21 -0.0700 16.2500 16 19 4.9100 17.3700 17 22 3.1200 18.4000 18 21 0.2500 12.7400 19 28 7.2600 18.8200 20 32 8.0500 20.1800 21 26 -2.3700 20.0500 23 46 -4.6300 23.3200 25 50 0.5600 14.9300 26 40 -2.0600 14.9200 22 32 -6.7200 20.3200 24 38 -2.9900 20.7000 27 43 -3.0500 18.9000
-6.8319719442e-01 -6.2110830094e-01 2.9092833703e+00
13 3 1
11 0 20 -14.1000 20.0300 1 22 -13.3100 23.2100 2 20 -19.7500 19.6200 3 25 -26.3400 22.4600 4 15 -27.3200 25.5700 5 15 -28.6100 29.9200 6 17 -23.0900 26.3800 7 11 -26.3800 19.4500 8 9 -28.8300 7.0400 9 8 -26.5600 20.1600 10 5 -29.9100 18.3600
-4.4449262961e-01 6.4354278315e-02 3.4236148224e+00
64 34 10
3 0 22 -81.1500 -97.1000 1 24 -80.8100 -93.0500 2 21 -88.6800 -99.0900
-3.9894672776e-01 1.6237842723e-02 3.1616408369e+00
165 130 75
4 0 23 -74.4200 -89.9700 1 25 -74.8300 -85.8900 2 22 -81.5000 -91.5500 3 21 -85.2300 -95.0400
-4.6325925053e-01 -7.0502935274e-03 3.0229382625e+00
192 123 74
4 0 24 -56.5800 -86.4000 1 26 -55.7100 -82.0200 2 23 -62.0500 -87.0100 3 26 -63.5300 -86.5400
-3.4172797606e-02 -2.0237845581e-02 3.4306770868e+00
162 130 69
2 0 25 -146.2700 -85.2900 1 27 -146.1400 -80.8300
-3.4172797606e-02 -2.0237845581e-02 3.4306770868e+00
162 130 69
2 0 26 -146.2700 -85.2900 1 28 -146.1400 -80.8300
1.9999627469e-01 -8.3633836913e-02 2.3515099963e+00
174 140 74
2 0 27 -151.6900 -70.9500 1 29 -151.4700 -66.6200
-6.8346763890e-01 -4.2156336919e-01 3.1272030307e+00
58 49 50
16 0 28 -28.5200 -15.8000 1 20 -27.6100 -12.2400 2 25 -34.8100 -16.2600 3 27 -41.5300 -14.3200 4 18 -43.0200 -12.2400 5 17 -44.7700 -7.7500 6 20 -39.8700 -10.9500 7 12 -44.2400 -17.3800 8 10 -47.2900 -30.4800 9 9 -45.2000 -17.3600 10 11 -49.0500 -18.0600 11 13 -50.0200 -15.7700 12 6 -53.5700 -16.9800 13 4 -48.8200 -17.9400 14 15 -47.3100 -9.5400 16 11 -49.8700 -11.4600
-4.9172658101e-01 1.1937800598e-01 2.9293365925e+00
14 3 1
23 0 32 -45.0200 -108.0500 1 51 -45.3000 -103.2100 2 73 -51.7200 -107.6300 5 25 -47.0600 -99.9200 7 30 -44.5600 -110.9000 9 25 -38.0400 -113.1500 11 22 -39.9900 -112.7000 12 20 -37.6200 -112.1300 13 26 -27.9300 -111.7300 14 54 -24.1400 -105.0800 15 38 -22.8900 -103.9500 16 47 -16.4100 -102.1700 17 34 -15.8000 -101.9700 18 26 -13.9700 -108.8500 19 37 -2.0000 -102.2400 20 63 -0.8000 -99.8400 21 45 -4.1800 -99.4900 25 55 12.2400 -108.7700 26 43 13.5800 -111.9200 24 46 5.0600 -100.0800 27 47 16.1500 -110.0800 28 51 19.5200 -109.8200 29 42 33.5300 -109.9900
-5.2325437490e-01 1.0214010370e-01 2.8701289639e+00
11 7 7
30 0 33 -37.3700 -106.2200 1 31 -36.4600 -102.0600 2 27 -42.2400 -106.6600 3 29 -41.2600 -104.8700 4 24 -38.1300 -101.7800 5 26 -37.8400 -96.9300 6 28 -31.3100 -100.2200 7 20 -34.6400 -108.1900 9 12 -27.6700 -109.8600 10 20 -30.8000 -111.3600 11 23 -29.5300 -109.1600 12 13 -27.2500 -108.1100 13 15 -17.2800 -107.4200 14 28 -12.4200 -100.6600 15 24 -11.9500 -99.0100 16 26 -5.4700 -97.2700 17 23 -5.1800 -96.5100 18 18 -3.6100 -102.7300 19 19 7.9500 -95.9700 20 27 10.0100 -93.6100 21 23 6.1800 -92.4400 23 28 10.9600 -87.7500 25 23 21.0900 -100.1700 26 18 22.0600 -102.3300 22 27 7.1100 -91.0500 24 21 14.1200 -91.9900 27 22 24.2100 -100.0000 28 27 27.2500 -98.8000 29 22 40.4600 -98.1800 30 25 38.4100 -106.0900
-4.8101544323e-01 8.8113553343e-02 2.9109914647e+00
147 91 43
24 0 34 -46.6600 -101.9400 1 32 -45.7800 -97.7400 2 28 -51.3900 -102.6300 3 30 -51.1600 -101.2100 4 25 -48.2300 -98.5100 5 27 -47.9600 -93.7800 6 29 -41.3700 -97.0400 7 21 -44.9700 -105.2100 9 17 -38.3100 -107.1800 10 21 -41.4100 -109.0000 11 24 -40.0200 -106.8900 12 14 -37.7200 -106.1500 13 16 -27.4900 -105.8800 14 42 -22.5700 -99.6400 15 25 -22.0900 -98.1300 16 35 -15.1700 -96.7800 17 24 -14.9600 -96.0300 18 28 -13.0800 -102.7900 19 20 -1.3200 -96.2700 20 38 1.6400 -94.1800 23 39 3.0300 -89.6100 25 35 13.0900 -102.9600 22 51 -0.5300 -92.6200 28 36 19.7000 -103.0900
-3.5425191190e-01 5.5026920424e-02 3.4296472285e+00
169 139 84
3 0 35 -94.9100 -96.8400 1 40 -94.8300 -92.1200 2 48 -103.0400 -96.9700
-5.0179522295e-01 -1.8679793480e-01 3.2373230808e+00
190 163 102
7 0 36 -63.1000 -56.8600 1 42 -62.2300 -52.8000 2 29 -70.0400 -57.4200 3 33 -76.1900 -57.9400 4 27 -78.3500 -56.4000 5 50 -80.0700 -53.6100 7 25 -82.1400 -62.6800
-6.5037604862e-01 -6.4093678785e-01 2.9425502996e+00
200 174 116
11 0 39 -21.3100 22.6100 1 34 -20.2900 26.8100 2 30 -27.1600 22.1500 3 35 -33.9800 24.4700 4 29 -35.2100 27.5500 5 33 -36.9200 31.9300 6 33 -31.2200 28.9300 7 27 -34.3800 22.5100 8 26 -37.4000 9.9800 9 22 -35.4000 23.1500 10 29 -39.0000 22.1800
-7.9070055970e-01 -6.5147242774e-01 2.7507661880e+00
12 4 1
13 0 40 12.1100 28.4600 1 36 13.6000 32.0700 2 31 7.3500 27.2100 3 36 1.1200 30.6500 5 43 0.3000 38.0600 6 43 6.2400 35.2900 7 28 4.0700 28.0600 8 33 2.0400 15.8800 9 23 5.5600 29.2500 10 30 3.1800 27.6500 11 36 3.0700 29.4800 12 26 1.2200 30.1700 21 98 0.9900 34.7500
5.3576500339e-01 -5.0985993094e-02 4.9747074365e-01
168 139 84
2 0 44 -141.0700 -60.6700 1 33 -139.6700 -58.2500
-6.9270913611e-01 -2.4800872019e-01 2.9158073786e+00
119 113 91
36 0 45 -12.5500 -44.5800 1 43 -12.6000 -41.0300 2 38 -18.1700 -44.8700 3 44 -21.4100 -42.3900 4 35 -20.9200 -39.0400 5 36 -22.0100 -34.9200 6 38 -16.1300 -37.6700 7 36 -19.2200 -44.7900 8 24 -20.8900 -58.1600 9 19 -16.4600 -44.8400 10 37 -20.0800 -46.3600 11 26 -20.3200 -44.6400 12 16 -20.5700 -43.6200 13 19 -13.7800 -43.3200 14 33 -11.5300 -37.0800 15 28 -14.5800 -36.6300 16 29 -9.6600 -35.0800 17 26 -10.9700 -34.2900 18 19 -12.6200 -40.5300 19 25 -4.2200 -34.4600 20 29 -2.9700 -32.8200 21 24 -11.1500 -33.2400 23 30 -11.6600 -29.9800 25 24 -5.6900 -40.6800 26 20 -7.1800 -42.0000 22 30 -13.9700 -33.0600 24 22 -10.3300 -33.5300 27 24 -7.5600 -39.3000 28 28 -7.2900 -37.8900 29 25 3.1200 -36.4200 31 18 -6.2900 -48.8200 32 18 10.4300 -47.2200 33 19 16.9100 -46.7500 34 20 17.3700 -44.6400 35 18 12.0900 -51.4700 37 18 24.6300 -57.1400
1.9692801620e-01 -2.1657708309e-01 2.3560563438e+00
19 11 2
2 0 46 -150.3000 -38.7300 1 45 -150.1000 -34.3300
-7.1288240620e-01 -5.6701130578e-01 2.8938167119e+00
197 133 91
36 0 48 -9.6700 11.9600 1 48 -8.6000 15.9500 2 42 -15.0500 11.2900 3 34 -20.8800 13.8600 4 28 -21.0500 16.9900 5 32 -22.0100 21.1700 6 27 -15.9400 17.9900 7 19 -18.9600 11.0100 8 21 -21.0600 -1.6400 9 14 -18.3300 11.6300 10 17 -21.4900 10.1100 11 21 -21.7500 11.8400 12 11 -24.0300 12.6000 13 14 -17.8900 12.1700 14 26 -16.6900 17.3900 15 22 -20.8800 16.7600 16 20 -15.9300 17.8900 17 15 -17.6700 18.5500 19 12 -13.6500 17.8100 20 17 -12.7100 19.1000 21 19 -23.1200 18.3900 23 19 -25.0200 21.2400 25 17 -20.1400 12.4300 26 15 -23.0400 11.8300 22 19 -27.2000 18.1900 24 16 -23.4700 18.5000 27 15 -23.6600 15.2000 28 16 -25.2800 17.3000 29 8 -14.1700 19.5500 30 9 -17.6700 13.6200 31 8 -23.4500 9.7600 32 8 -8.0500 12.9500 33 9 -1.9300 15.2500 34 8 -2.1300 18.1000 35 9 -9.3900 10.8900 37 7 3.8300 6.4100
-6.6979125343e-01 -7.0640109260e-01 2.8809077103e+00
202 175 122
4 0 49 -15.0200 35.0000 1 50 -13.8700 38.8800 2 45 -20.7100 34.2900 3 69 -28.0100 36.3000
-3.1729247073e-01 8.2413467255e-02 3.4779901448e+00
0 0 255
0
-4.8399445202e-01 -5.3508066003e-02 3.3565078089e+00
0 0 255
0
-1.1898126413e-01 -1.6368417419e-01 3.8507675647e+00
17 9 0
3 0 55 -145.3900 -64.0400 1 57 -145.1100 -59.6700 2 56 -155.3700 -64.9800
-6.7736720834e-01 -3.2314859241e-01 3.0343353670e+00
144 134 116
21 0 58 -24.3900 -31.9700 1 46 -22.8900 -27.9900 2 41 -29.6500 -32.4500 3 63 -34.9400 -30.7400 4 37 -34.6400 -27.6500 5 38 -36.2200 -23.4600 6 40 -31.1000 -26.5800 7 38 -34.5200 -33.4600 9 20 -32.7400 -33.9800 10 39 -37.2700 -35.2200 12 22 -38.7800 -32.9200 13 32 -32.5100 -33.1300 16 55 -30.7400 -26.4700 17 40 -31.9900 -25.6900 18 56 -34.6500 -32.7500 21 55 -34.2200 -27.1400 23 66 -35.0000 -24.8300 26 34 -32.4700 -37.5400 24 34 -33.4600 -28.1100 27 37 -32.6000 -34.9800 28 42 -33.2900 -33.9500
-6.6123390362e-01 -5.5616519285e-01 2.9709184443e+00
165 140 99
11 0 60 -20.5600 8.8700 1 109 -19.5800 12.9400 2 62 -26.5100 8.4100 3 67 -33.1300 10.7400 4 49 -34.7500 13.1900 5 53 -36.5100 17.1800 6 60 -31.2800 14.0500 7 51 -35.0000 7.3200 8 45 -37.8800 -5.6300 9 45 -35.7700 7.3300 10 53 -39.4900 5.8700
-7.4151929391e-01 -5.4995538607e-01 2.7968557154e+00
173 104 63
18 0 61 1.5600 9.8300 1 110 3.0800 13.5400 2 88 -3.4500 8.9100 3 99 -8.8700 12.0500 6 93 -3.3800 16.6300 8 73 -7.5500 -3.0300 9 83 -4.0100 10.4800 10 90 -6.7200 8.9600 11 88 -6.5800 10.8700 12 76 -8.1900 11.8200 13 85 -1.5700 11.8900 14 96 -0.2200 17.4000 15 156 -4.4000 17.4400 16 102 1.3600 18.1500 17 92 -0.1100 18.9900 19 164 3.9000 19.5800 20 93 5.2600 20.7000 21 93 -5.1000 20.5300
-7.2816662208e-01 -5.6090273777e-01 2.7500374354e+00
47 16 1
3 0 62 3.8800 13.7300 1 61 5.3000 17.6000 2 63 -0.8000 12.8500
-7.9922594163e-01 -6.0345170380e-01 2.7760395033e+00
98 53 31
8 0 63 11.9600 19.4700 1 62 13.9500 22.4500 2 64 7.0700 18.3700 5 96 0.4500 29.4900 9 85 4.8900 21.3800 10 92 2.2100 19.6800 11 91 2.7700 21.0500 13 87 6.8000 22.4900
-7.0226921127e-01 -6.1747081813e-01 2.8322320778e+00
39 5 2
27 0 64 -7.6400 19.4100 1 63 -6.5300 23.3400 2 65 -13.0400 18.6100 3 68 -19.1800 22.0200 4 50 -19.3600 25.0500 5 54 -20.2000 29.8700 6 41 -14.1200 25.8300 7 39 -16.7500 18.7500 8 29 -18.5100 6.1400 11 33 -17.4200 19.8000 16 41 -10.4600 26.5200 20 42 -6.4300 28.8400 23 49 -17.9600 31.4000 25 29 -13.2300 22.8500 26 25 -15.9900 22.7700 22 47 -20.9900 27.8400 24 39 -16.3200 28.7400 27 30 -16.4300 26.8100 28 43 -16.9700 30.1300 29 28 -6.8700 32.3100 30 28 -10.0800 26.6700 31 27 -15.9000 22.9200 32 28 0.5800 26.7000 33 28 7.2000 28.8800 34 30 6.9500 32.2800 35 29 -0.3500 25.5300 37 32 14.4600 21.9500
-7.0162355006e-01 -6.5182432712e-01 2.8298317320e+00
186 137 97
30 0 66 -7.8700 24.9900 1 65 -6.7100 29.0000 3 47 -19.1200 27.0000 4 51 -19.7000 30.1200 5 55 -20.5400 34.4200 6 62 -14.7300 31.2600 7 41 -16.9600 24.4600 8 31 -18.8100 11.9600 9 31 -16.0700 25.6300 10 43 -18.4300 24.1700 12 24 -20.2300 26.6700 13 36 -13.8500 26.5600 14 48 -12.6000 31.7000 15 41 -16.4400 31.3000 16 58 -11.0800 32.2200 19 44 -8.9100 32.9600 21 60 -17.9100 33.4500 23 70 -19.4300 36.5500 26 41 -17.2800 28.4900 24 41 -17.9500 34.0400 27 45 -17.9900 32.5500 28 46 -19.4000 35.3600 29 36 -8.5900 38.2000 30 42 -11.7500 32.3700 31 36 -17.2100 29.0200 32 35 -1.4900 32.7000 33 35 5.3100 35.1100 34 32 5.4200 38.5900 35 31 -2.0300 31.8100 37 33 11.9800 27.2800
-7.0141203484e-01 -6.5140055064e-01 2.8300897769e+00
186 137 97
32 0 67 -7.8700 24.9900 1 66 -6.7100 29.0000 2 44 -12.7400 24.1900 3 48 -19.1200 27.0000 4 52 -19.7000 30.1200 5 56 -20.5400 34.4200 6 63 -14.7300 31.2600 7 42 -16.9600 24.4600 8 32 -18.8100 11.9600 9 32 -16.0700 25.6300 10 44 -18.4300 24.1700 11 35 -18.5000 26.0600 12 25 -20.2300 26.6700 13 37 -13.8500 26.5600 14 49 -12.6000 31.7000 15 42 -16.4400 31.3000 16 59 -11.0800 32.2200 19 45 -8.9100 32.9600 21 61 -17.9100 33.4500 23 71 -19.4300 36.5500 26 42 -17.2800 28.4900 24 42 -17.9500 34.0400 27 46 -17.9900 32.5500 28 47 -19.4000 35.3600 29 37 -8.5900 38.2000 30 43 -11.7500 32.3700 31 37 -17.2100 29.0200 32 36 -1.4900 32.7000 33 36 5.3100 35.1100 34 33 5.4200 38.5900 35 32 -2.0300 31.8100 37 34 11.9800 27.2800
-7.4815262472e-01 -6.6227113118e-01 2.7568906320e+00
116 66 37
36 0 68 5.8000 30.7200 1 67 7.1300 34.4800 2 67 0.6400 29.9600 4 53 -5.5200 36.0400 5 57 -6.0700 40.4300 6 64 0.0700 37.2300 7 52 -2.2800 30.2200 8 46 -3.9700 17.7700 9 48 -0.9300 31.6000 10 56 -3.3200 29.9200 11 49 -2.7100 31.3600 12 44 -4.9500 32.2500 13 52 1.3500 32.3000 14 63 2.6500 37.4500 15 60 -1.8800 37.1100 16 60 3.0800 38.1000 17 57 1.1000 39.1400 18 61 -2.1500 33.1700 19 59 4.4700 39.2500 20 58 5.4100 40.6800 21 63 -5.7400 40.1000 23 114 -8.0500 43.5400 25 99 -2.9200 35.9000 26 62 -5.5900 35.8800 22 63 -10.2500 40.1400 24 57 -6.3300 40.9600 27 94 -6.3900 40.3200 28 95 -8.0700 43.4600 29 59 2.7000 46.2700 30 99 -0.6600 40.8400 31 86 -5.9100 37.1400 32 62 10.0100 40.6700 33 87 17.2800 43.5700 34 100 16.7600 46.5900 35 97 8.8600 40.0800 37 145 21.9600 35.4300
-2.3167528625e-01 1.6466019327e-01 3.8468446958e+00
23 4 0
3 0 70 -129.7100 -112.0100 1 70 -129.5900 -107.6200 2 71 -139.6700 -113.4200
-2.3167528625e-01 1.6466019327e-01 3.8468446958e+00
23 4 0
3 0 71 -129.7100 -112.0100 1 71 -129.5900 -107.6200 2 72 -139.6700 -113.4200
-7.3384499202e-01 1.5448893136e-01 4.2966276755e+00
177 149 125
2 0 73 -79.6900 -105.4000 1 73 -79.7500 -101.2400
-6.9062600376e-01 4.6636350698e-02 4.5273038907e+00
18 5 0
2 0 76 -93.0100 -91.6500 1 78 -93.0800 -87.4000
-2.4686269520e-01 4.9801583004e-03 3.2055170347e+00
180 161 131
2 0 77 -101.9600 -88.9000 1 81 -101.7200 -84.7000
-3.3763285680e-01 1.0770069216e-02 3.5300070655e+00
180 161 131
3 0 78 -101.9600 -88.9000 1 82 -101.7200 -84.7000 2 126 -110.0400 -90.9300
-3.6424945845e-01 -3.0248707673e-02 3.3148430308e+00
170 138 94
4 0 79 -87.9200 -83.5000 1 83 -87.5400 -79.2700 3 55 -105.0200 -88.4900 4 107 -109.9300 -89.9900
2.2765091085e-01 -8.8601954985e-02 2.3056362627e+00
171 155 110
2 0 80 -156.6000 -69.4900 1 85 -156.2500 -65.1500
2.2765091085e-01 -8.8601954985e-02 2.3056362627e+00
171 155 110
2 0 81 -156.6000 -69.4900 1 86 -156.2500 -65.1500
1.3033840236e-01 -1.0649575622e-01 2.6367455648e+00
183 157 118
2 0 82 -147.9100 -67.3000 1 87 -147.6700 -62.9300
1.3033840236e-01 -1.0649575622e-01 2.6367455648e+00
183 157 118
2 0 83 -147.9100 -67.3000 1 88 -147.6700 -62.9300
-1.4133565003e-01 -2.0572393611e-01 3.8844665833e+00
160 137 112
3 0 84 -143.1400 -57.5700 1 90 -142.6400 -53.7800 2 147 -152.8800 -59.6100
4.3115138374e-01 -7.7702534666e-02 1.0288512465e+00
160 137 112
2 0 85 -143.1400 -57.5700 1 91 -142.6400 -53.7800
-7.5348980270e-01 -2.3013519646e-01 2.8353532283e+00
150 142 129
31 0 86 2.7700 -46.9500 1 93 3.4900 -42.9800 2 81 -2.7300 -47.3500 3 81 -5.2300 -43.9400 4 70 -4.6300 -40.3900 5 76 -5.2600 -35.7600 6 78 0.2300 -38.8500 7 67 -2.5700 -46.1400 9 62 0.5200 -45.4000 10 74 -2.5900 -47.2000 11 69 -2.3400 -45.2200 12 62 -3.2600 -43.6300 14 82 5.9900 -36.9200 15 135 2.4200 -35.6400 18 72 4.9600 -38.9500 20 138 13.2100 -30.5500 23 97 3.7000 -26.4900 25 84 10.0300 -36.6100 26 84 7.7100 -37.4700 22 146 1.7100 -29.4900 24 74 5.8300 -29.9900 27 83 8.0800 -34.3600 28 81 7.3700 -32.3100 29 85 17.9100 -30.7700 30 78 13.8400 -37.5100 31 73 8.2700 -42.4400 32 49 25.3100 -40.4900 33 70 31.1300 -39.8300 34 78 31.7800 -37.0600 35 79 25.6800 -43.4900 37 48 37.5200 -48.8300
-7.5349710390e-01 -2.3003037510e-01 2.8354398178e+00
150 142 129
30 0 87 2.7700 -46.9500 1 94 3.4900 -42.9800 2 82 -2.7300 -47.3500 3 82 -5.2300 -43.9400 4 71 -4.6300 -40.3900 5 77 -5.2600 -35.7600 6 79 0.2300 -38.8500 7 68 -2.5700 -46.1400 9 63 0.5200 -45.4000 10 75 -2.5900 -47.2000 11 70 -2.3400 -45.2200 12 63 -3.2600 -43.6300 14 83 5.9900 -36.9200 15 136 2.4200 -35.6400 18 73 4.9600 -38.9500 20 139 13.2100 -30.5500 23 98 3.7000 -26.4900 25 85 10.0300 -36.6100 26 85 7.7100 -37.4700 22 147 1.7100 -29.4900 27 84 8.0800 -34.3600 28 82 7.3700 -32.3100 29 86 17.9100 -30.7700 30 79 13.8400 -37.5100 31 74 8.2700 -42.4400 32 50 25.3100 -40.4900 33 71 31.1300 -39.8300 34 79 31.7800 -37.0600 35 80 25.6800 -43.4900 37 49 37.5200 -48.8300
-6.6359278817e-01 -2.4119549036e-01 2.9660426705e+00
130 117 111
28 0 88 -20.8100 -45.7600 1 173 -20.3800 -42.3700 2 155 -26.5800 -46.6500 5 74 -30.7900 -36.7800 6 77 -25.0300 -39.8400 7 130 -29.0200 -47.4400 9 61 -26.2700 -47.9800 10 72 -29.8200 -48.8600 11 68 -29.9000 -47.1100 14 56 -21.0900 -39.7800 15 51 -23.9600 -39.4000 16 153 -18.7600 -38.9200 17 47 -20.5000 -37.3500 18 71 -22.0600 -44.4400 20 52 -11.9700 -36.2200 21 53 -20.0200 -36.8100 23 63 -19.8900 -34.2200 25 41 -13.9800 -44.7200 26 32 -15.6000 -46.6400 22 80 -22.4100 -37.8500 24 51 -18.3500 -37.6200 27 74 -15.2100 -45.3000 29 79 -4.1500 -43.3100 30 51 -7.9900 -50.0400 31 66 -14.2100 -55.8000 33 42 8.7800 -54.2800 35 48 4.2500 -59.7800 37 40 17.0300 -65.8600
2.4800171301e-01 -1.8685251026e-01 2.1466760880e+00
83 93 83
2 0 90 -153.6700 -42.1000 1 95 -153.4700 -37.7200
2.4800171301e-01 -1.8685251026e-01 2.1466760880e+00
83 93 83
2 0 91 -153.6700 -42.1000 1 96 -153.4700 -37.7200
-6.9885284876e-01 -2.7791386991e-01 2.9394953191e+00
33 29 18
37 0 93 -13.1700 -39.1200 1 97 -12.4300 -35.2500 2 159 -18.9200 -39.7900 3 88 -22.9400 -37.0700 4 72 -22.5200 -34.0300 5 81 -23.6000 -29.6700 6 82 -17.9900 -32.7800 7 70 -21.3900 -39.9900 8 58 -23.2600 -53.0500 9 68 -19.2300 -39.9700 10 78 -22.6900 -41.3500 11 73 -22.9100 -39.4000 12 66 -23.6900 -38.6900 13 73 -16.7000 -38.3900 14 88 -15.1200 -32.6200 15 82 -18.1600 -32.2700 16 89 -13.5000 -30.8100 17 75 -14.9400 -29.9800 18 78 -16.6700 -36.0500 19 147 -8.4700 -30.4800 20 85 -7.5400 -28.7800 21 148 -16.2200 -29.4400 23 100 -16.5900 -26.3000 25 83 -11.3300 -36.8500 26 83 -13.0400 -38.2100 22 149 -18.9000 -29.4200 24 76 -15.2900 -29.6600 27 82 -13.4700 -35.6000 28 79 -13.8300 -34.1600 29 83 -2.8100 -32.8500 30 75 -7.0900 -39.9200 31 70 -13.0200 -44.9200 32 48 3.6200 -43.2400 33 68 9.5800 -42.7200 34 54 9.8400 -40.2500 35 55 4.3500 -47.7300 37 46 16.6000 -53.2800
-6.9735992430e-01 -4.8459447038e-01 2.9106117663e+00
29 16 6
3 0 95 -12.6200 -3.2800 1 104 -11.5600 0.4800 2 61 -18.2200 -3.7300
-6.9952931673e-01 -5.3621025920e-01 2.8905452086e+00
121 94 67
7 0 96 -10.7500 5.7800 1 106 -9.5800 9.8800 2 86 -16.2700 5.2300 3 66 -22.0800 7.8300 4 48 -22.6200 11.0700 5 52 -23.6500 15.4000 6 59 -17.7200 12.4100
-7.0691860444e-01 -5.3875937714e-01 2.8401480260e+00
47 5 0
14 0 97 -7.1400 6.9800 1 108 -6.0300 11.0400 2 87 -12.4400 6.4300 3 97 -17.5100 9.1000 4 83 -17.4300 12.3600 5 95 -17.9200 16.6600 6 92 -11.9000 13.4700 7 78 -14.7100 6.5000 8 44 -16.2200 -6.2200 9 44 -12.9000 7.3400 10 52 -15.7300 5.7500 11 48 -15.2900 7.6100 12 43 -16.7800 8.4400 14 62 -7.8200 13.6400
-7.1859408239e-01 -7.3369537997e-01 2.8498733906e+00
25 12 1
8 0 99 -5.3300 39.8800 1 113 -4.3500 44.0400 2 91 -10.8600 39.3000 3 102 -17.9300 42.0200 4 54 -18.7800 45.0500 5 97 -20.2600 49.2000 6 158 -14.9300 45.8600 7 81 -17.2700 39.5300
-8.1000841452e-01 -7.7138229267e-01 2.7991760542e+00
184 158 120
13 0 100 14.0900 47.5800 1 115 15.2800 51.5200 2 92 8.4000 46.5800 3 103 0.4200 49.8600 4 85 -1.2000 52.7700 5 98 -2.6000 56.8100 8 75 -2.7400 34.6500 9 87 -0.8500 48.8100 10 94 -3.2900 47.2600 11 156 -3.8800 48.9100 12 142 -6.9300 49.6400 13 89 -1.7500 49.5900 14 166 -1.8200 54.5500
-8.2721056892e-01 -8.0438993257e-01 2.8728390558e+00
198 172 124
3 0 101 9.0500 48.9000 1 116 9.8700 53.0500 2 93 2.9900 48.1600
-1.4522766758e+00 2.3251589873e-01 3.6136498472e+00
93 75 51
2 0 102 40.5200 -115.7300 1 120 41.1000 -111.8300
-6.1377041097e-01 2.1739715985e-01 4.1304874810e+00
27 23 22
2 0 104 -88.1600 -115.1000 1 121 -88.1300 -110.8600
-4.3695165259e-01 1.2265298844e-01 3.0001863960e+00
120 91 78
14 0 108 -59.9700 -108.2700 1 124 -59.3300 -104.1200 2 99 -65.2300 -109.0100 4 91 -62.1700 -106.2900 5 104 -62.1000 -101.8900 6 99 -55.8800 -105.2700 7 83 -59.7500 -113.1800 9 92 -53.3500 -116.3300 11 93 -55.5900 -116.0000 12 80 -53.2700 -115.8500 13 92 -43.0300 -115.9400 14 104 -37.8000 -109.7400 15 99 -36.7700 -108.9200 16 109 -29.6900 -107.3900
-4.9341402510e-01 9.3491452697e-02 2.9034787555e+00
126 75 41
8 0 109 -43.6200 -103.8500 1 74 -43.6200 -99.5400 2 102 -48.9600 -104.4300 5 62 -45.3200 -95.3900 9 106 -36.0000 -109.0700 12 87 -35.0800 -107.5000 13 104 -24.2200 -106.4900 15 112 -18.7500 -98.7600
-4.1184734260e-01 5.6140988260e-02 3.0380800232e+00
166 110 89
4 0 115 -65.9000 -97.5600 1 130 -65.4000 -93.3400 2 112 -71.5000 -98.3600 3 116 -71.7800 -98.3800
-4.1184734260e-01 5.6140988260e-02 3.0380800232e+00
166 110 89
4 0 116 -65.9000 -97.5600 1 131 -65.4000 -93.3400 2 113 -71.5000 -98.3600 3 117 -71.7800 -98.3800
-4.2152590969e-01 3.7696528295e-02 2.9562799858e+00
121 48 1
31 0 121 -58.7200 -92.5300 1 139 -57.8100 -88.2100 2 121 -63.8700 -93.1700 3 123 -63.8800 -92.5400 4 105 -61.2200 -90.1400 5 117 -61.1400 -85.7500 6 70 -54.9700 -88.9200 7 105 -58.3700 -96.6500 8 49 -59.3400 -111.5100 9 53 -52.7200 -99.3700 10 64 -55.7800 -100.8700 11 55 -54.5600 -98.9500 12 52 -51.9700 -98.7500 13 59 -41.8200 -98.7300 14 70 -36.5800 -92.7900 15 67 -36.1900 -92.1300 16 68 -29.3300 -90.6700 17 61 -28.5900 -90.2700 18 63 -26.5900 -97.3500 19 67 -14.6800 -91.2900 20 68 -11.2000 -89.2200 21 74 -15.1100 -89.5600 23 137 -8.1800 -85.8100 25 126 2.3400 -99.1400 26 110 3.8400 -102.1300 22 74 -12.9200 -88.8000 24 64 -5.1600 -90.2700 27 108 6.1500 -100.6000 28 70 9.6700 -100.3900 29 73 24.1600 -100.5600 30 113 22.9600 -108.5700
-4.2402908895e-01 3.6700241181e-02 2.9587093728e+00
121 48 1
26 0 122 -58.7200 -92.5300 1 140 -57.8100 -88.2100 2 122 -63.8700 -93.1700 3 124 -63.8800 -92.5400 4 106 -61.2200 -90.1400 5 118 -61.1400 -85.7500 6 71 -54.9700 -88.9200 7 106 -58.3700 -96.6500 8 50 -59.3400 -111.5100 9 54 -52.7200 -99.3700 10 65 -55.7800 -100.8700 11 56 -54.5600 -98.9500 12 53 -51.9700 -98.7500 14 71 -36.5800 -92.7900 15 68 -36.1900 -92.1300 16 69 -29.3300 -90.6700 17 62 -28.5900 -90.2700 18 64 -26.5900 -97.3500 19 68 -14.6800 -91.2900 20 69 -11.2000 -89.2200 21 75 -15.1100 -89.5600 23 138 -8.1800 -85.8100 25 127 2.3400 -99.1400 26 111 3.8400 -102.1300 22 75 -12.9200 -88.8000 29 74 24.1600 -100.5600
-5.3776950917e-01 2.1042845740e-02 2.8996730177e+00
158 95 59
17 0 126 -36.2500 -91.4700 1 77 -35.9600 -87.6300 4 112 -39.6300 -86.9900 6 72 -33.1100 -85.8800 10 122 -34.0400 -96.5400 11 58 -32.8400 -94.4500 12 102 -30.9800 -93.4700 14 74 -17.5200 -86.9700 15 119 -17.9400 -85.2700 18 110 -10.2600 -89.6100 19 125 0.4500 -83.0800 20 123 2.9900 -80.9400 21 133 -1.7400 -80.3900 25 140 11.3900 -88.5400 26 74 11.7100 -90.7700 22 126 -1.3800 -79.3900 24 121 5.0500 -80.3100
-7.8470114841e-01 1.7581200458e-02 2.7812506569e+00
12 11 11
5 0 128 11.8000 -90.3300 1 145 12.2500 -86.3700 4 123 8.0400 -81.7000 6 128 14.0300 -79.8300 9 134 16.3600 -86.4600
-2.4583519631e-01 2.1674548846e-02 4.7809147058e+00
29 6 0
2 0 129 -152.5600 -89.7400 1 79 -152.6200 -85.0800
-2.4583519631e-01 2.1674548846e-02 4.7809147058e+00
29 6 0
2 0 130 -152.5600 -89.7400 1 80 -152.6200 -85.0800
-2.1218518005e+00 6.2411325904e-02 6.0106503538e+00
14 12 14
2 0 131 -13.0800 -88.6800 1 148 -12.9500 -84.5400
-5.1510054510e-01 -3.3921403360e-02 3.0744437656e+00
49 8 1
13 0 137 -51.2800 -82.3800 1 155 -50.7400 -78.1100 2 134 -57.0800 -83.0800 3 135 -59.3700 -82.4000 4 124 -58.3800 -80.0200 5 124 -59.5000 -75.5600 6 129 -53.9500 -78.9000 7 121 -58.1300 -86.4900 8 52 -59.7800 -100.9300 9 56 -54.6300 -88.9300 11 61 -58.2700 -88.7100 12 57 -57.7500 -88.7800 13 64 -49.4900 -89.0700
1.9506154960e-01 -8.2074097796e-02 1.7407926592e+00
164 132 91
2 0 144 -112.7100 -66.8400 1 163 -112.1800 -62.8200
6.0218968176e-01 -3.7068137828e-02 1.6035924571e-01
161 129 83
2 0 146 -117.7600 -63.2300 1 159 -112.7800 -76.0500
3.8661798351e-01 -9.5700492919e-02 1.3266188376e+00
144 140 118
2 0 152 -149.7200 -55.6400 1 92 -149.6400 -51.5700
4.0974289377e-02 -2.0378568110e-01 3.2450722090e+00
13 12 3
2 0 153 -152.3800 -53.3300 1 168 -152.2000 -48.8300
-5.3934339190e-01 -2.1962081985e-01 3.1950862005e+00
64 61 58
5 0 155 -54.7000 -50.9700 1 169 -54.2700 -46.9300 3 147 -67.4600 -51.3500 4 68 -69.1500 -49.4100 5 126 -71.9300 -45.6900
-6.9118472525e-01 -2.1909543532e-01 2.9038394096e+00
29 24 21
13 0 158 -12.4300 -48.9400 1 171 -11.9200 -44.8700 2 80 -17.9000 -49.6300 3 80 -20.9300 -46.9400 4 137 -20.4100 -43.5000 5 73 -20.6800 -39.1500 6 76 -14.6800 -42.3300 7 66 -18.0800 -49.5300 8 40 -19.3500 -62.9800 9 60 -15.2000 -49.5800 10 47 -18.2200 -51.3000 11 67 -18.7000 -49.0300 15 76 -11.5400 -41.0900
4.0983623643e-01 -1.0042713044e-01 1.1098102870e+00
156 121 83
2 0 161 -140.0200 -47.4000 1 172 -139.7500 -43.4700
-7.8848752527e-01 -2.4360214098e-01 2.8121160974e+00
104 97 94
15 0 162 10.2600 -43.5500 1 174 11.1500 -39.8000 3 151 1.6700 -40.2700 7 132 4.7500 -42.3000 9 145 7.5200 -41.4400 13 135 11.0000 -39.0500 16 159 13.6000 -30.0100 26 135 11.8700 -32.0700 28 155 10.5400 -27.1300 29 164 20.6500 -25.0800 30 158 16.4600 -31.7000 31 133 10.3000 -36.2200 32 136 27.2000 -33.9900 33 125 33.7400 -33.3300 37 73 38.1000 -42.2000
-7.2931485047e-01 -2.7008348519e-01 2.8809135764e+00
32 21 15
19 0 165 -4.7100 -40.5000 1 175 -3.8600 -36.5200 2 156 -10.2400 -40.9500 3 84 -13.4300 -37.6000 4 143 -13.4900 -34.4900 5 133 -14.5700 -30.1600 6 80 -8.1800 -33.1200 7 135 -11.5100 -40.3700 8 105 -13.0900 -53.4700 9 66 -8.4300 -39.6400 10 48 -11.5800 -41.0400 11 71 -11.7600 -39.3500 12 37 -12.4400 -37.8800 13 46 -5.3700 -37.3700 14 90 -4.0700 -31.8600 18 53 -5.2700 -33.9300 19 51 2.8900 -28.1000 25 62 -0.5600 -33.1300 26 57 -2.3600 -34.1100
-7.2892388961e-01 -2.7153686772e-01 2.8808038073e+00
32 21 15
30 0 166 -4.7100 -40.5000 1 176 -3.8600 -36.5200 2 157 -10.2400 -40.9500 3 85 -13.4300 -37.6000 4 144 -13.4900 -34.4900 5 134 -14.5700 -30.1600 6 81 -8.1800 -33.1200 7 136 -11.5100 -40.3700 8 106 -13.0900 -53.4700 9 67 -8.4300 -39.6400 10 49 -11.5800 -41.0400 11 72 -11.7600 -39.3500 12 38 -12.4400 -37.8800 13 47 -5.3700 -37.3700 14 91 -4.0700 -31.8600 16 90 -2.1200 -29.3400 17 76 -3.5800 -28.2200 18 54 -5.2700 -33.9300 19 52 2.8900 -28.1000 20 53 3.7700 -26.3400 21 85 -5.1900 -26.2100 23 102 -6.1500 -22.8500 25 63 -0.5600 -33.1300 26 58 -2.3600 -34.1100 22 85 -8.1300 -25.9400 24 78 -4.7100 -26.4100 27 133 -2.6900 -32.0300 28 58 -3.1600 -29.8400 29 52 7.5000 -28.3000 32 72 14.1200 -38.8300
-6.4600062782e-01 -2.7665926123e-01 3.0421319281e+00
35 24 19
